Number Order Height Address Amount(Meer) ComProfit(Meer)
2053 493799 450023 MmirLJXnA5nA8Eih6nQntcm88xCgWDux78w 1100.00000000 127.35028080
2054 493819 450041 MmRdV7ikUvP2hJQicvaG5jFgFMDv2PbCVer 1000.00000000 115.77298255
2055 493878 450086 Mma6BZfQqe63WhEQ8gUGmPCNMxBQyB5PSUM 330.00000000 38.20508424
2056 494027 450204 MmaMsH9WZzGvfhw4dVhsdL7haDS8ANUqzNw 500.00000000 57.88649127
2057 494069 450230 MmNSmWkZHzoXTnPgKFe5qvRZjuCS6aXkPaY 31.00000000 3.58896245
2058 494085 450241 MmUfVMCCevLnXpjn8bydxcVjeH45tQN9AQa 4300.00000000 497.82382496
2059 494117 450266 Mmins928YwufXNaBLVxagBbydyZWru41FPD 1000.00000000 115.77298255
2060 494125 450271 MmN3naE5eGGaveXQxvgWs3mnwDvSegyUeey 1000.00000000 115.77298255
2061 494126 450272 Mmins928YwufXNaBLVxagBbydyZWru41FPD 1000.00000000 115.77298255
2062 494232 450360 MmdR4wFRXWCRbfAkTaNjk1vYSVLHwmSdhX5 60.00000000 6.94637895
2063 494349 450446 Mmbet8UhP7YSEnz2qUqFJEzxVx2avaPPSdH 3000.00000000 347.31894765
2064 495993 451721 MmSeQzm7byCBQUGPHRfQXwk89B5gq7URoLT 2000.00000000 231.54596510
2065 496092 451798 MmiAZpXeVFKjnYMd9EUoah5vbrrCgSF4WZ5 500.00000000 57.88649127
2066 496172 451857 MmQ33V3wkW6RqZgF6VVLqQK7pMLtRvUsz6b 700.00000000 81.04108778
2067 496253 451917 MmXht9tYkenMUdhc875mmtCU3EMPRc6L69f 195.10000000 22.58730889
2068 496315 451960 MmSif49K5LkJnvkaLLDVBvFYFViFnEi4iSK 267.00000000 30.91138634
2069 496326 451970 MmTPK6dF4rTF74M1XRR82aqNxjN6mNroev8 30.00000000 3.47318947
2070 496366 452001 MmYi8hbQgRuETCeiAbjrCK5KP93bEPEMf6g 172.00000000 19.91295299
2071 496392 452021 Mmer4N2srL3ywEG72RDG9JCwKaFmjayw6pr 350.00000000 40.52054389
2072 496510 452116 MmUBUGY3JvWhv9v8McPdUkAKWQkhkcA94n5 30.00000000 3.47318947
2073 496555 452145 MmRmHSULFn7tCmgAXhqmVyzthVQJJWiYbbV 1000.00000000 115.77298255
2074 496576 452163 MmNCXReEaFeMsFdBtrEqKqB1ryk5QLG7kMv 1000.00000000 115.77298255
2075 496611 452189 MmUkWYis5XQhkKWhZ4uQPF9B8z5aY3vEAyw 2000.00000000 231.54596510
2076 496755 452299 MmbQssY1M8xcgJRdXM5pB8CJXJhGLCJh7fk 90.00000000 10.41956842
2077 496903 452409 MmUrXcCprFumxW3J6E6bRL25DbAtQkLBoXp 220.00000000 25.47005616
2078 496952 452449 MmSSSw11NmiAzMqvCC5TdqhXzmV4sk9azaY 1000.00000000 115.77298255
2079 497205 452631 Mmg5KaPmsKHzwG18pG8rHwNvbbaYJM9BdEh 3000.00000000 347.31894765
2080 497306 452708 MmKxbzjqUWCN7r14sqLwmVGxbTGcyYaQyqj 24568.00000000 2844.31063529
2081 497338 452732 MmUFckCtS2zjANB3aA1sEJkzjqvyBrxdSjm 2500.00000000 289.43245637
2082 497540 452881 MmeN9r23sRyEYE11KHe3gDEUmr52y6L6puk 20000.00000000 2315.45965100
2083 497812 453087 MmXHbwV4PVRhnfPYA2Zqa4af7MJsZH3HuuK 50.00000000 5.78864912
2084 497905 453158 MmTj8G6QyrAJhunACnLJAz1XQahwLYHyuvN 535.00000000 61.93854566
2085 498080 453294 MmcKng33C4tqhrN7XtgtLo6NLYEAEfKd3jv 500.00000000 57.88649127
2086 500046 454775 MmWC4uZxcLr7MnMyzWG97PCXKBhdgBch1Kt 34148.00000000 3953.41580812
2087 500212 454901 MmSif49K5LkJnvkaLLDVBvFYFViFnEi4iSK 260.00000000 30.10097546
2088 500270 454935 MmhWjdm7RkUGtUXk8CEkH3KxaDwJs9WWpv8 159.00000000 18.40790422
2089 500277 454938 MmbQssY1M8xcgJRdXM5pB8CJXJhGLCJh7fk 111.00000000 12.85080106
2090 500986 455480 MmaSqCucfrpvRkqkBc53JSLXLipEjWMC51g 500.00000000 57.88649127
2091 500989 455483 MmcHdgeXSqmaPaJCpM6QpVdPqKQeMVRVWkB 222.00000000 25.70160212
2092 501018 455504 MmRE1R5jU7u6vFb8CwULBDVrZwM8Mrt3X8T 60.00000000 6.94637895
2093 501347 455754 MmiWBhX1pCh2a8GBvWzSW7tc5uQ3x2mU2Up 200.00000000 23.15459651
2094 501600 455929 MmYcg229AEtNdHB5BVpvvowkH6E4T2Cpmdh 200.00000000 23.15459651
2095 501686 455997 MmaPTStuTWsaXCUhRdDnFWkUunucBiSRxPT 73.00000000 8.45142772
2096 501809 456090 MmP1Uj7hcLxkSdjamxpsSKmrFQzjHaEid7e 943.00000000 109.17392254
2097 502465 456589 MmT9wChLYSjadTkGpXpqVCXrdUk5bdh3MEm 500.00000000 57.88649127
2098 503910 457660 MmTiSuYqgn53iTQjU2iMSVEhfq5JFie74ge 1800.00000000 208.39136859
2099 503974 457707 MmSif49K5LkJnvkaLLDVBvFYFViFnEi4iSK 346.00000000 40.05745196
2100 504090 457801 MmaPTStuTWsaXCUhRdDnFWkUunucBiSRxPT 40.00000000 4.63091930
2101 504220 457900 MmbQssY1M8xcgJRdXM5pB8CJXJhGLCJh7fk 135.00000000 15.62935264
2102 504285 457948 MmZTdGsmATi9HdkKr4TJjA81vyFM19S2AYe 5000.00000000 578.86491275
2103 504307 457965 MmfJNMM53dsoKBwJvgCQGpmnB3vmXDCSY2G 1000.00000000 115.77298255
2104 504393 458035 MmZWtGhSPHdepauSATGPGDJ1eLvaeWSZAiG 1000.00000000 115.77298255
2105 504455 458074 MmUBUGY3JvWhv9v8McPdUkAKWQkhkcA94n5 34.00000000 3.93628140
2106 504474 458088 MmNFV8WgmxHNCTApT2rWYB5bf9YFMPsgQTr 643.00000000 74.44202777
2107 504510 458118 MmZK62ew7q6LXs8bdrtspTd9z2Dw4mhTs81 300.00000000 34.73189476
2108 504585 458178 MmhWjdm7RkUGtUXk8CEkH3KxaDwJs9WWpv8 132.00000000 15.28203369
2109 504605 458193 MmQGqgZ3QxgWaCr2dADWXB5JZsxxzsr65eT 380.00000000 43.99373336
2110 504682 458253 MmfSJEAoDbjFzvSZoVVEuCtTCiuxm6QBCeR 4000.00000000 463.09193020
2111 504701 458269 MmirLJXnA5nA8Eih6nQntcm88xCgWDux78w 900.00000000 104.19568429
2112 504787 458341 MmcnmbvX441EdLhxD9SjMnXvhrfJJt1Bx4L 280.00000000 32.41643511
2113 504804 458355 MmSif49K5LkJnvkaLLDVBvFYFViFnEi4iSK 5000.00000000 578.86491275
2114 504898 458426 MmeV7qxaZ7bUE7mX4i1ZoraXXTKn3uRZJ22 487.00000000 56.38144250
2115 504960 458476 MmaSqCucfrpvRkqkBc53JSLXLipEjWMC51g 70.00000000 8.10410877
2116 505164 458624 MmXHbwV4PVRhnfPYA2Zqa4af7MJsZH3HuuK 50.00000000 5.78864912
2117 505392 458783 MmYi8hbQgRuETCeiAbjrCK5KP93bEPEMf6g 84.00000000 9.72493053
2118 505463 458840 MmYfc3JmygGmzje3RroCcxSxEDHZZF3pjwM 819.00000000 94.81807270
2119 505650 458991 MmSmuexLnCnnDmCWX32dH5VTzB8dEzXTSjR 2000.00000000 231.54596510
2120 505715 459043 MmMk4CA1CjqP3BejHRfx8H1XUQKTu8Gt293 1144.00000000 132.44429203
2121 506057 459314 MmPbQSu9Vp8obsGhyERBMYFqq8WGzugo4so 983.85000000 113.90324888
2122 506231 459439 MmYcg229AEtNdHB5BVpvvowkH6E4T2Cpmdh 200.00000000 23.15459651
2123 506669 459766 MmSXTLNDuyNULDhhzb3JoxgJMjDtGSfGjER 500.00000000 57.88649127
2124 507190 460163 MmhTJ8XmAC33m2wCa1wgQg7BT4SBsBxPyFM 6027.49403950 697.82096225
2125 507295 460240 Mma6BZfQqe63WhEQ8gUGmPCNMxBQyB5PSUM 325.00000000 37.62621932
2126 507534 460458 Mma4U6gsAyEPbboGvoy7YejAUxWsoFvEdy1 75.00000000 8.68297369
2127 507673 460564 MmNSmWkZHzoXTnPgKFe5qvRZjuCS6aXkPaY 40.00000000 4.63091930
2128 507687 460575 MmSif49K5LkJnvkaLLDVBvFYFViFnEi4iSK 385.00000000 44.57259828
2129 507708 460593 MmbQssY1M8xcgJRdXM5pB8CJXJhGLCJh7fk 134.00000000 15.51357966
2130 507738 460610 MmTPK6dF4rTF74M1XRR82aqNxjN6mNroev8 73.00000000 8.45142772
2131 507810 460669 MmWSXnMoxiZuma4D7TYpQZ6uLFYpiXa8c8X 40.00000000 4.63091930
2132 508080 460927 MmRE1R5jU7u6vFb8CwULBDVrZwM8Mrt3X8T 678.00000000 78.49408216
2133 508346 461156 MmNpvxoY7vRPAs8WFeYzyqBJdfYTXs8phpN 47.00000000 5.44133017
2134 508449 461244 MmhBbQniXFgB12aCap9hu2q1UHaJFQFuNtP 500.00000000 57.88649127
2135 508526 461306 MmVne7YSoFQbZ6qjUJWuDxPi93k6UoA5Zy4 1144.00000000 132.44429203
2136 508549 461328 MmVhPmodhV1q2HjLXWoZ7d9mYLUC2TnYe72 568.50000000 65.81694057
2137 508654 461427 MmSif49K5LkJnvkaLLDVBvFYFViFnEi4iSK 95.00000000 10.99843334
2138 508679 461445 MmNMy1AAAjceXTZMp4KTBhk8upSgfkcerXT 282.00000000 32.64798107
2139 508745 461507 MmfAeX87MJHx137oTzGgKBLnBKuHfjYyR5q 1010.00000000 116.93071237
2140 508775 461528 MmfAeX87MJHx137oTzGgKBLnBKuHfjYyR5q 909.00000000 105.23764113
2141 508933 461677 MmSif49K5LkJnvkaLLDVBvFYFViFnEi4iSK 1000.00000000 115.77298255
2142 508949 461691 MmPZjMXJTrXrDXoBQgYdJVGna1AHCWQFGQu 1000.00000000 115.77298255
2143 509883 462607 MmbP5sZDPaFfgVmYJzMQK1tVNkXha7B4HHe 500.00000000 57.88649127
2144 510086 462805 MmLFk5b39dDpPjw7B6Pj9D5RDwAa8Lbz9Px 452.00000000 52.32938811
2145 510568 463277 Mma1eYB14DLhGBohkq7u9CJY7UYHVEWaN4G 5000.00000000 578.86491275
2146 510689 463377 MmYcg229AEtNdHB5BVpvvowkH6E4T2Cpmdh 200.00000000 23.15459651
2147 510721 463403 MmLFk5b39dDpPjw7B6Pj9D5RDwAa8Lbz9Px 120.00000000 13.89275790
2148 510733 463415 MmRADFuFtL9oGty49b4GopUqri18az7KJ1k 1000.00000000 115.77298255
2149 510811 463477 MmbQssY1M8xcgJRdXM5pB8CJXJhGLCJh7fk 136.00000000 15.74512562
2150 510958 463597 MmMZwEbZJ563mZdsgAQmJfpuWwhnmhzTyWs 480.00000000 55.57103162
2151 510975 463613 MmSAMsEVacrFV5WP6bcrADU3HxYBnB4ry4j 200.00000000 23.15459651
2152 510999 463631 MmdFcbshtg8PUqPTM2hMX1pzsxjq3CRVakf 10.00000000 1.15772982
2153 511104 463719 MmSif49K5LkJnvkaLLDVBvFYFViFnEi4iSK 361.00000000 41.79404670
2154 511143 463758 MmUBUGY3JvWhv9v8McPdUkAKWQkhkcA94n5 41.00000000 4.74669228
2155 511160 463772 MmhWjdm7RkUGtUXk8CEkH3KxaDwJs9WWpv8 111.00000000 12.85080106
2156 511160 463772 MmSZ8gNwhGK9aBdQf63ByekBeQvtJFBaNZf 500.00000000 57.88649127
2157 511173 463781 MmZ8SCnbxD48wNoV5b26ZoZ9dmhfucSr1rL 251.00000000 29.05901862
2158 511341 463943 MmNpvxoY7vRPAs8WFeYzyqBJdfYTXs8phpN 44.00000000 5.09401123
2159 511349 463950 MmNpvxoY7vRPAs8WFeYzyqBJdfYTXs8phpN 43.00000000 4.97823824
2160 511454 464041 MmQPCVJDK8YM25hPd6p6M25TixdgDV1nsiA 503.00000000 58.23381022
2161 511537 464120 MmXbB5UaRtGZXUkd54jXcz9J2BaNTF9VXQq 100.00000000 11.57729825
2162 511564 464146 MmXHbwV4PVRhnfPYA2Zqa4af7MJsZH3HuuK 50.00000000 5.78864912
2163 511797 464359 MmWgKrQS1gWPempAVfqBZpUwxCkPF4jsEps 83.00000000 9.60915755
2164 512030 464580 Mmd6TXvV5HYrJuw2C7drbGHCjtaDtxLFcnL 304.00000000 35.19498669
2165 512187 464730 MmXZG2cwZDTN5xVF3XV9enUBe7eRB2K2cmC 400.00000000 46.30919302
2166 512348 464884 MmNFV8WgmxHNCTApT2rWYB5bf9YFMPsgQTr 366.00000000 42.37291161
2167 512636 465149 MmMZFPMZ3KYMzj6EXQjckQvKqz3SC6t4vDF 5000.00000000 578.86491275
2168 513576 466083 MmYcg229AEtNdHB5BVpvvowkH6E4T2Cpmdh 100.00000000 11.57729825
2169 513640 466141 MmfjeaNYhXw41HSCWM4MukFKhfYYhsUe86S 1000.00000000 115.77298255
2170 513742 466228 MmSAMsEVacrFV5WP6bcrADU3HxYBnB4ry4j 328.00000000 37.97353827
2171 513852 466323 MmSif49K5LkJnvkaLLDVBvFYFViFnEi4iSK 367.00000000 42.48868459
2172 514010 466453 MmdQV9FXLy1xQGJ6aLFgLPLUNceJ94L2p81 2000.00000000 231.54596510
2173 514098 466533 MmdR4wFRXWCRbfAkTaNjk1vYSVLHwmSdhX5 60.00000000 6.94637895
2174 514108 466541 MmdR4wFRXWCRbfAkTaNjk1vYSVLHwmSdhX5 40.00000000 4.63091930
2175 514180 466598 MmdR4wFRXWCRbfAkTaNjk1vYSVLHwmSdhX5 60.00000000 6.94637895
2176 514181 466599 MmMPh1pauGG3k93ZSkgbyEsoM6iEQwowR6o 1050.00000000 121.56163167
2177 514194 466610 MmdR4wFRXWCRbfAkTaNjk1vYSVLHwmSdhX5 40.00000000 4.63091930
2178 514299 466692 MmTcWSYjy6UeZHjR5mvWSLHfoTPvKxDdcQ5 500.00000000 57.88649127
2179 514306 466697 MmTcWSYjy6UeZHjR5mvWSLHfoTPvKxDdcQ5 500.00000000 57.88649127
2180 514375 466742 MmY5p5ztUkmy7S5ybd8yERsXYgVntvY2FjC 5000.00000000 578.86491275
2181 514382 466749 MmSmuexLnCnnDmCWX32dH5VTzB8dEzXTSjR 3550.00000000 410.99408805
2182 514412 466765 MmfBSxK6o4hzTXArtvtfwURvLkcEL2mdEDx 50.00000000 5.78864912
2183 514487 466818 Mmd66KYj7PgEvjwtySSNPP8ku9eTWy6RoPw 400.00000000 46.30919302
2184 514952 467148 MmM9gYK1CvKav95zg5w7z5QqzVYxmrWjtE8 2000.00000000 231.54596510
2185 515150 467286 MmR2WjMvoWHvX6qyT1BEArUGctBNkzS1Jxa 999.00000000 115.65720956
2186 515228 467333 MmhcN3xqHS6xoPazjtqpZp3sLjGgg7yx5Tc 999.00000000 115.65720956
2187 515293 467375 MmhTJ8XmAC33m2wCa1wgQg7BT4SBsBxPyFM 2615.73800000 302.83178982
2188 515418 467455 MmhTJ8XmAC33m2wCa1wgQg7BT4SBsBxPyFM 744.05568100 86.14154537
2189 515535 467532 MmaLZ7hNzUEQwyrwVztxHSxFNtDtTUi14uh 0.09000000 0.01041956
2190 515884 467801 MmcHdgeXSqmaPaJCpM6QpVdPqKQeMVRVWkB 212.00000000 24.54387230
2191 517220 468799 MmbqCrqt2kZCM3j1ax1Fp15N6sH7HbG3Dtj 500.00000000 57.88649127
2192 517649 469110 MmVbvn9P4Smekscv9JAcfMd1tUa6fkPey1Q 1741.88250000 201.66293227
2193 517839 469238 MmYcg229AEtNdHB5BVpvvowkH6E4T2Cpmdh 100.00000000 11.57729825
2194 517940 469317 MmX5a4NG8SJKTyPrMeUtXAX1s8j6ZhCmm7J 1000.00000000 115.77298255
2195 517960 469334 Mmgr4AcQ84Jkzu1ssVfUpSMgNLybin5ex3S 500.00000000 57.88649127
2196 518046 469405 MmSif49K5LkJnvkaLLDVBvFYFViFnEi4iSK 296.00000000 34.26880283
2197 518083 469429 MmUBUGY3JvWhv9v8McPdUkAKWQkhkcA94n5 35.00000000 4.05205438
2198 518231 469534 MmPVnee3txzJ4sjoJGv7JMpbYyoUsMi91zz 150.00000000 17.36594738
2199 518287 469574 MmSmuexLnCnnDmCWX32dH5VTzB8dEzXTSjR 1000.00000000 115.77298255
2200 518358 469625 MmUoK7TCKdzfZLNGZggxaMhDdhuDs4w6Gdf 291.00000000 33.68993792
2201 518689 469887 MmMP7qSXAUak3SyzEtALtd7HH9FZzNxi6qZ 1000.00000000 115.77298255
2202 518749 469937 MmLixvJUufpqjNtMCoEfo2pe2R1r7Pz1inA 200.00000000 23.15459651
2203 518914 470064 MmSif49K5LkJnvkaLLDVBvFYFViFnEi4iSK 16.00000000 1.85236772
2204 519134 470215 MmYi8hbQgRuETCeiAbjrCK5KP93bEPEMf6g 163.00000000 18.87099615
2205 519143 470218 MmNviYQthctB9tmME78AW2nprJCCpqTptw7 1000.00000000 115.77298255
2206 519267 470314 MmZNd74kJmydovfGvrpiJ5pZX3kWNiRzENQ 200.00000000 23.15459651
2207 519727 470658 MmaSqCucfrpvRkqkBc53JSLXLipEjWMC51g 100.00000000 11.57729825
2208 520211 470996 MmTzk11ShsQi3kYGNbjN3mxkiixKX74MfnW 1500.00000000 173.65947382
2209 521728 472133 Mme7z8T5SokQEpDNddHSQTRNtbcYuNySD8w 3000.00000000 347.31894765
2210 521751 472150 MmSif49K5LkJnvkaLLDVBvFYFViFnEi4iSK 287.00000000 33.22684599
2211 521836 472210 MmWTpvy4CCGsJrqMx4jquAz4sTiyZ3deDiE 50000.00000000 5788.64912750
2212 522391 472645 MmRT1ETSjCg8g6rATzMNMPGMcGJuWKz7h6N 7598.00000000 879.64312141
2213 522445 472687 MmMP7qSXAUak3SyzEtALtd7HH9FZzNxi6qZ 2000.00000000 231.54596510
2214 522957 473065 MmYi8hbQgRuETCeiAbjrCK5KP93bEPEMf6g 120.00000000 13.89275790
2215 522965 473069 MmSif49K5LkJnvkaLLDVBvFYFViFnEi4iSK 1167.00000000 135.10707063
2216 523125 473177 MmNviYQthctB9tmME78AW2nprJCCpqTptw7 100.00000000 11.57729825
2217 523208 473248 MmMmnYzoewpcjkcKJtztNQzU4T3vhfd7XeA 3000.00000000 347.31894765
2218 524356 474094 Mma6BZfQqe63WhEQ8gUGmPCNMxBQyB5PSUM 249.00000000 28.82747265
2219 525147 474709 MmNEV2o7MMwF3MZGuwsWiVycV9C5bs5bMi7 200.00000000 23.15459651
2220 525293 474836 MmUBUGY3JvWhv9v8McPdUkAKWQkhkcA94n5 33.00000000 3.82050842
2221 525372 474903 MmNMy1AAAjceXTZMp4KTBhk8upSgfkcerXT 100.00000000 11.57729825
2222 525622 475107 MmhbU4qoj3tabg7XkENevyrFxqCmZPLF9Cc 200.00000000 23.15459651
2223 525625 475108 Mmet4yK7mcjgxSauQN9cwvuYQJsVAJ2dkJb 253.00000000 29.29056458
2224 525667 475144 MmSif49K5LkJnvkaLLDVBvFYFViFnEi4iSK 296.00000000 34.26880283
2225 525823 475267 MmNSmWkZHzoXTnPgKFe5qvRZjuCS6aXkPaY 50.00000000 5.78864912
2226 526029 475418 MmhTJ8XmAC33m2wCa1wgQg7BT4SBsBxPyFM 4487.50000000 519.53125919
2227 526029 475418 MmXiUWVkmbeh2QBjsHZHqNAfh29d7efs3qN 431.00000000 49.89815547
2228 526102 475468 MmSif49K5LkJnvkaLLDVBvFYFViFnEi4iSK 14.00000000 1.62082175
2229 526760 475950 Mmf5eaSZFivug2NVySTG7Aj5DWB6vnpHnAR 470.00000000 54.41330179
2230 526780 475967 MmKpvBd8UzofZeddniXYmiT2E5iNEniVYVy 888.00000000 102.80640850
2231 526819 475996 MmZv4fpJeoVeRr7S5n34UmZNatLWu1usqem 585.00000000 67.72719479
2232 527211 476295 MmXJAhGMisGsirRgbyrpJrK9kncqWgYMfmW 999.00000000 115.65720956
2233 527314 476382 MmXHbwV4PVRhnfPYA2Zqa4af7MJsZH3HuuK 50.00000000 5.78864912
2234 527394 476447 MmX5sTQABQa7g7PzpHzt51ddnE1bK9D1W1H 1100.00000000 127.35028080
2235 527452 476497 MmQ33V3wkW6RqZgF6VVLqQK7pMLtRvUsz6b 1000.00000000 115.77298255
2236 528623 477372 MmgMPvbacsoFqrZJcqhVm5aMSTVV5t3pVXB 178.00000000 20.60759089
2237 528634 477379 MmaXQdHQSMYa1xCgYTvvsvpShbeRP52fz1p 1000.00000000 115.77298255
2238 528931 477613 MmQLA1CGoW6kSuW6BE3Q9KM5PxDmEK1iyLz 200.00000000 23.15459651
2239 528939 477620 MmPNBS97azTNu6GPvZPhpQZSpBvz4ARb8AU 500.00000000 57.88649127
2240 529064 477720 MmSmuexLnCnnDmCWX32dH5VTzB8dEzXTSjR 3000.00000000 347.31894765
2241 529242 477854 MmR7STCsZ7v5J4CWPieyP72fdB1vHqQCnHj 200.00000000 23.15459651
2242 529327 477917 MmSif49K5LkJnvkaLLDVBvFYFViFnEi4iSK 274.00000000 31.72179721
2243 529785 478304 MmSif49K5LkJnvkaLLDVBvFYFViFnEi4iSK 14.00000000 1.62082175
2244 529945 478439 MmbBhxR9DNsTAxSb9fkeza31LSpVt6p8kba 20000.00000000 2315.45965100
2245 530050 478517 MmSif49K5LkJnvkaLLDVBvFYFViFnEi4iSK 8996.00000000 1041.49375102
2246 530214 478636 MmT6xpPSkQn1vr6hzJAp52MTZeK7foE9kvC 2.90000000 0.33574164
2247 530217 478638 MmLiUeVuXFi8QB42W5ivcWmGDvEBKtCzikM 462.00000000 53.48711793
2248 530251 478665 MmTPK6dF4rTF74M1XRR82aqNxjN6mNroev8 32.00000000 3.70473544
2249 530774 479056 MmWSXnMoxiZuma4D7TYpQZ6uLFYpiXa8c8X 54.00000000 6.25174105
2250 531121 479325 MmLRxoESzTnUgT1pCs6MWx7zdAE4irDVXi6 50.00000000 5.78864912
2251 532884 480669 MmSif49K5LkJnvkaLLDVBvFYFViFnEi4iSK 301.00000000 34.84766774
2252 532995 480755 MmW3JBbvN31ZqjuV4B2HcPKaW1fzWKPE6ct 2000.00000000 231.54596510
2253 533213 480926 MmRPGSpUighToTg2zrzR2ar4x2ftYHP9SxE 3200.00000000 370.47354416
2254 533235 480947 Mme7z8T5SokQEpDNddHSQTRNtbcYuNySD8w 7000.00000000 810.41087785
2255 533696 481293 MmTE5bDiVxpAxhHpRAbHDusaZ5N6gQjnWm3 5000.00000000 578.86491275
2256 534455 481888 MmXHbwV4PVRhnfPYA2Zqa4af7MJsZH3HuuK 50.00000000 5.78864912
2257 534531 481949 MmTj8G6QyrAJhunACnLJAz1XQahwLYHyuvN 400.00000000 46.30919302
2258 534745 482100 MmiLiuSNEfU1zZjhc3Xnhp9uZwdEMXg5KQK 2000.00000000 231.54596510
2259 534753 482105 MmZZrFF58WPWUiJYtPoQoV3LdP1iv78waF4 524.00000000 60.66504285
2260 535948 483053 MmNFV8WgmxHNCTApT2rWYB5bf9YFMPsgQTr 170.00000000 19.68140703
2261 536002 483096 Mma4U6gsAyEPbboGvoy7YejAUxWsoFvEdy1 125.00000000 14.47162281
2262 536178 483241 MmcAXiANTNbPppzvzt146E75sxEfKKoSear 2000.00000000 231.54596510
2263 536340 483379 MmauCetHrbAAsXYANpueWSTmvTstN8WdeDH 900.00000000 104.19568429
2264 536571 483565 MmfjeaNYhXw41HSCWM4MukFKhfYYhsUe86S 1000.00000000 115.77298255
2265 537180 484039 Mmf5eaSZFivug2NVySTG7Aj5DWB6vnpHnAR 486.00000000 56.26566951
2266 537411 484221 MmcofkiU5V4hMANBEXVVAsrEBBBLbCcbhvB 100.00000000 11.57729825
2267 537699 484417 MmheZL6SN8RhzTtLdN4bhK7GXCZCbNmvVyY 1000.00000000 115.77298255
2268 537943 484586 MmLmALtdu15hVzn9zpXN18rrw1RPfNsJ2mW 92.00000000 10.65111439
2269 537974 484605 Mmf6Ez1qWZtnfLjcDKFdom8URzcchgMBcnZ 500.00000000 57.88649127
2270 538071 484672 MmXbB5UaRtGZXUkd54jXcz9J2BaNTF9VXQq 63.00000000 7.29369790
2271 538119 484710 MmeFSkDfiY76fqEKmdMjNumPCmxU7q7xQRX 500.00000000 57.88649127
2272 538623 485062 Mmet4yK7mcjgxSauQN9cwvuYQJsVAJ2dkJb 1000.00000000 115.77298255
2273 538694 485109 MmcAeVfCvuctkewkDxzUdwXcAHxqSwDDzxo 7000.00000000 810.41087785
2274 538765 485166 MmLFk5b39dDpPjw7B6Pj9D5RDwAa8Lbz9Px 153.00000000 17.71326633
2275 538911 485279 MmSif49K5LkJnvkaLLDVBvFYFViFnEi4iSK 324.00000000 37.51044634
2276 539625 485843 MmUBUGY3JvWhv9v8McPdUkAKWQkhkcA94n5 32.00000000 3.70473544
2277 540232 486326 MmaPTStuTWsaXCUhRdDnFWkUunucBiSRxPT 353.00000000 40.86786284
2278 540297 486380 MmTPK6dF4rTF74M1XRR82aqNxjN6mNroev8 30.00000000 3.47318947
2279 540483 486529 MmSif49K5LkJnvkaLLDVBvFYFViFnEi4iSK 331.00000000 38.32085722
2280 540795 486738 Mma9ezvbzSYNLEXPasWokx1GaoDtUNe1682 54.00000000 6.25174105
2281 540885 486803 MmUrXcCprFumxW3J6E6bRL25DbAtQkLBoXp 140.00000000 16.20821755
2282 541354 487153 MmPVPguCco94tGWjb5aEg4tdcSrgvssCCMo 188.00000000 21.76532071
2283 541481 487251 MmQP4KyuNPu59WG8248UKnjoBFsocQscbwg 78.00000000 9.03029263
2284 541597 487346 MmQMYx9W2iP5FpNchSoqgCFmTW2PuNkYznX 876.00000000 101.41713271
2285 541601 487349 MmSif49K5LkJnvkaLLDVBvFYFViFnEi4iSK 13.00000000 1.50504877
2286 541967 487641 MmWgKrQS1gWPempAVfqBZpUwxCkPF4jsEps 115.00000000 13.31389299
2287 542281 487890 MmVhPmodhV1q2HjLXWoZ7d9mYLUC2TnYe72 290.00000000 33.57416493
2288 544137 489284 MmSif49K5LkJnvkaLLDVBvFYFViFnEi4iSK 263.00000000 30.44829441
2289 544658 489697 MmbX9HWuXaPtBe6KwwDVGWaWCCXV3FkrPwn 213.00000000 24.65964528
2290 544682 489716 MmUBUGY3JvWhv9v8McPdUkAKWQkhkcA94n5 39.00000000 4.51514631
2291 544720 489749 MmZKUSnb4oGQALYNkfC4buKYRvKXXpWC8Qp 230.00000000 26.62778598
2292 544949 489924 MmPzGAaXC2dHHLGmqyEPuEnzUx1xiLg29GF 1150.00000000 133.13892993
2293 544964 489936 MmQqzH8R3GmefJrsF4mtwdkmpw98qFBihZd 3000.00000000 347.31894765
2294 545030 489990 MmYcg229AEtNdHB5BVpvvowkH6E4T2Cpmdh 300.00000000 34.73189476
2295 545714 490508 MmSif49K5LkJnvkaLLDVBvFYFViFnEi4iSK 10.00000000 1.15772982
2296 546072 490794 MmSeQzm7byCBQUGPHRfQXwk89B5gq7URoLT 5500.00000000 636.75140402
2297 547172 491661 MmVbvn9P4Smekscv9JAcfMd1tUa6fkPey1Q 3007.51500000 348.18898161
2298 547374 491812 MmX9RxuGeZmXFv2R3uGa4SUupEdry9NAJmF 313.00000000 36.23694353
2299 547510 491905 MmQyvvKKXQwJJaFdCJ8j92a8sYgyxmxcCaZ 240.00000000 27.78551581
2300 547664 492023 MmfjZzMqKdAGtcb9Jze9pVrfcmBApUpurUx 400.00000000 46.30919302
2301 548155 492416 Mmf6Ez1qWZtnfLjcDKFdom8URzcchgMBcnZ 1000.00000000 115.77298255
2302 548218 492466 MmSif49K5LkJnvkaLLDVBvFYFViFnEi4iSK 266.00000000 30.79561335
2303 548306 492532 MmSif49K5LkJnvkaLLDVBvFYFViFnEi4iSK 11.00000000 1.27350280
2304 548390 492592 MmZNd74kJmydovfGvrpiJ5pZX3kWNiRzENQ 108.00000000 12.50348211
2305 548658 492792 MmWSXnMoxiZuma4D7TYpQZ6uLFYpiXa8c8X 77.00000000 8.91451965
2306 548780 492885 MmLWNYQ3yRBdcoSkK7dFU6AYyeAqnMMdmBU 231.00000000 26.74355896
2307 548957 493018 MmPzGAaXC2dHHLGmqyEPuEnzUx1xiLg29GF 570.00000000 65.99060005
2308 549352 493316 MmUuqa23qDSPPUunvd79ZGpGPXhnoLWxoca 1000.00000000 115.77298255
2309 549677 493563 MmYfc3JmygGmzje3RroCcxSxEDHZZF3pjwM 640.00000000 74.09470883
2310 550118 493901 MmSeQzm7byCBQUGPHRfQXwk89B5gq7URoLT 41.00000000 4.74669228
2311 551551 495023 MmTPK6dF4rTF74M1XRR82aqNxjN6mNroev8 125.00000000 14.47162281
2312 551721 495158 MmgSuw7uHMZves6K5UAE6wL1niMENMxGXge 2695.34697800 312.04835865
2313 551849 495262 MmQ6X7zD4EWAs4oy9o7crhDs1g7kra3gJkj 1188.00000000 137.53830326
2314 551906 495303 MmRvDJYpk6Fn8oJQtCGss8v7VgZSF5WrRyp 655.00000000 75.83130357
2315 552022 495389 MmSif49K5LkJnvkaLLDVBvFYFViFnEi4iSK 265.00000000 30.67984037
2316 552200 495512 MmUBUGY3JvWhv9v8McPdUkAKWQkhkcA94n5 31.00000000 3.58896245
2317 552314 495595 MmSif49K5LkJnvkaLLDVBvFYFViFnEi4iSK 10.00000000 1.15772982
2318 552395 495660 MmXHbwV4PVRhnfPYA2Zqa4af7MJsZH3HuuK 50.00000000 5.78864912
2319 552483 495727 MmUoK7TCKdzfZLNGZggxaMhDdhuDs4w6Gdf 338.00000000 39.13126810
2320 552673 495881 MmgqW999BEJQG4TgnpLQQghmM1NVVJWsjVy 1000.00000000 115.77298255
2321 553045 496167 MmTtM5vfRHFVP5VwVNedxxurnL3wh4f1Aqc 159.00000000 18.40790422
2322 553991 496860 MmRovVyMfB5diuUNaLNVZYpH98jkpG574ye 1500.00000000 173.65947382
2323 555321 497878 MmfU5iLy2qRwWaYGSdqaNkdpwtF8cTuchEH 770.00000000 89.14519656
2324 555613 498097 MmSif49K5LkJnvkaLLDVBvFYFViFnEi4iSK 286.00000000 33.11107300
2325 556153 498517 MmZK62ew7q6LXs8bdrtspTd9z2Dw4mhTs81 500.00000000 57.88649127
2326 556248 498594 MmfjeaNYhXw41HSCWM4MukFKhfYYhsUe86S 1000.00000000 115.77298255
2327 556253 498599 MmfjeaNYhXw41HSCWM4MukFKhfYYhsUe86S 1000.00000000 115.77298255
2328 556274 498616 MmUfVMCCevLnXpjn8bydxcVjeH45tQN9AQa 8000.00000000 926.18386040
2329 556281 498621 MmNFV8WgmxHNCTApT2rWYB5bf9YFMPsgQTr 72.00000000 8.33565474
2330 556789 499007 MmWgKrQS1gWPempAVfqBZpUwxCkPF4jsEps 96.00000000 11.11420632
2331 557410 499498 MmSif49K5LkJnvkaLLDVBvFYFViFnEi4iSK 10.00000000 1.15772982
2332 559057 500779 MmSif49K5LkJnvkaLLDVBvFYFViFnEi4iSK 266.00000000 30.79561335
2333 559181 500877 MmNSmWkZHzoXTnPgKFe5qvRZjuCS6aXkPaY 80.00000000 9.26183860
2334 559767 501337 MmaXN6kYg5qhGJcVGEuYNZeQxo4pXxKZBWw 12835.00000000 1485.94623103
2335 560675 502029 MmTPK6dF4rTF74M1XRR82aqNxjN6mNroev8 45.00000000 5.20978421
2336 560913 502220 Mmd6TXvV5HYrJuw2C7drbGHCjtaDtxLFcnL 310.00000000 35.88962459
2337 561001 502294 MmS2z9EZytZGw4iKnTJaPUCfSFfEixjDsip 400.00000000 46.30919302
2338 561057 502340 MmaXN6kYg5qhGJcVGEuYNZeQxo4pXxKZBWw 7035.00000000 814.46293224
2339 561229 502468 MmSif49K5LkJnvkaLLDVBvFYFViFnEi4iSK 7.00000000 0.81041087
2340 562608 503529 MmNHWpf81ESPKnXZqRT89nhDaxZVLMa7ZYE 100.00000000 11.57729825
2341 563225 503996 MmZKUSnb4oGQALYNkfC4buKYRvKXXpWC8Qp 260.00000000 30.10097546
2342 563552 504239 MmYcg229AEtNdHB5BVpvvowkH6E4T2Cpmdh 600.00000000 69.46378953
2343 564066 504632 Mmi8oYtiWiaNcos5JHMR4gLmK5s1gFEE8hX 700.00000000 81.04108778
2344 564147 504694 MmXHbwV4PVRhnfPYA2Zqa4af7MJsZH3HuuK 50.00000000 5.78864912
2345 564147 504694 MmLmsbkFwXSspZFacbydg7gNFsWrVYpL3Fv 49.00000000 5.67287614
2346 564153 504696 MmaSTfQzMtSqFetjq1jETSgUqajJusprmgX 400.00000000 46.30919302
2347 564573 505029 MmRE1R5jU7u6vFb8CwULBDVrZwM8Mrt3X8T 39.00000000 4.51514631
2348 564646 505085 MmWSXnMoxiZuma4D7TYpQZ6uLFYpiXa8c8X 58.00000000 6.71483298
2349 565960 506159 Mmins928YwufXNaBLVxagBbydyZWru41FPD 3500.00000000 405.20543892
2350 566238 506372 MmRkGkzAtXoyYuP1kvCfxXPk5pGgPgfeKGQ 300.00000000 34.73189476
2351 566595 506652 MmaktFeNC9wybbwHo3HN8UkZ7RbkytUgzhU 200.00000000 23.15459651
2352 566596 506653 MmaktFeNC9wybbwHo3HN8UkZ7RbkytUgzhU 176.00000000 20.37604492
2353 566606 506660 MmZmumg8Jp7mzFNNcRZ1kWvrkyufBotP1VU 600.00000000 69.46378953
2354 566633 506676 MmfRpGz4XYyFyVuo5EUeKQgjKg1MtiYEdN5 200.00000000 23.15459651
2355 566635 506678 MmXrVxonfgmkk3Pidt7GYmjDvv8K6Qq8zTG 10000.00000000 1157.72982550
2356 566661 506697 MmUoK7TCKdzfZLNGZggxaMhDdhuDs4w6Gdf 280.00000000 32.41643511
2357 566668 506701 MmffLLdETmskgEqGnMoLT9vSkLXXUiKNsNC 1500.00000000 173.65947382
2358 566676 506707 Mmins928YwufXNaBLVxagBbydyZWru41FPD 2500.00000000 289.43245637
2359 566805 506812 MmeAb38feDmcsVYqTSAHujxdh1Rw4jzZZzV 500.00000000 57.88649127
2360 566872 506867 MmVnbheJ2SPmMCtsrrni4ibfxkFWCREQfXa 760.00000000 87.98746673
2361 566968 506939 MmfAukuXYREazeVCDC3cPt3b7Yw9ADHxyuX 700.00000000 81.04108778
2362 567027 506986 MmbQssY1M8xcgJRdXM5pB8CJXJhGLCJh7fk 1500.00000000 173.65947382
2363 567052 507008 MmiZtXmUGTouVLWD4k1p5keWBzkRey9G9h7 1000.00000000 115.77298255
2364 567143 507075 MmNviYQthctB9tmME78AW2nprJCCpqTptw7 1000.00000000 115.77298255
2365 567938 507697 MmTmLK8sG44QyQZSkrQUsvPjQo2VwqCNzU7 500.00000000 57.88649127
2366 567947 507702 MmTmLK8sG44QyQZSkrQUsvPjQo2VwqCNzU7 500.00000000 57.88649127
2367 567954 507708 MmTmLK8sG44QyQZSkrQUsvPjQo2VwqCNzU7 500.00000000 57.88649127
2368 568370 508048 MmSeQzm7byCBQUGPHRfQXwk89B5gq7URoLT 500.00000000 57.88649127
2369 569737 509127 MmXCRpBy2PuGiG282YrNV8TnnydMXYbY6hN 200.00000000 23.15459651
2370 569990 509337 MmbQssY1M8xcgJRdXM5pB8CJXJhGLCJh7fk 976.00000000 112.99443096
2371 569997 509344 MmTPK6dF4rTF74M1XRR82aqNxjN6mNroev8 31.00000000 3.58896245
2372 570064 509398 MmZ8SCnbxD48wNoV5b26ZoZ9dmhfucSr1rL 30.00000000 3.47318947
2373 570073 509405 MmZ8SCnbxD48wNoV5b26ZoZ9dmhfucSr1rL 200.00000000 23.15459651
2374 570204 509511 MmhWjdm7RkUGtUXk8CEkH3KxaDwJs9WWpv8 2000.00000000 231.54596510
2375 570223 509527 MmhWjdm7RkUGtUXk8CEkH3KxaDwJs9WWpv8 1181.00000000 136.72789239
2376 570237 509541 MmNPgMZKZqGSNQ4saEHdHjD4KQQoBXCSMPh 1000.00000000 115.77298255
2377 570437 509700 MmbQssY1M8xcgJRdXM5pB8CJXJhGLCJh7fk 107.00000000 12.38770913
2378 570451 509712 MmMobcGqaKJvUfieN99uvqapQ14iwmcx93w 20307.99300000 2351.11691921
2379 570681 509880 MmWgKrQS1gWPempAVfqBZpUwxCkPF4jsEps 109.00000000 12.61925509
2380 570761 509936 MmSif49K5LkJnvkaLLDVBvFYFViFnEi4iSK 171.00000000 19.79718001
2381 570957 510082 MmhbU4qoj3tabg7XkENevyrFxqCmZPLF9Cc 200.00000000 23.15459651
2382 571097 510178 MmTWLaJz1wPZ5QH6LF4gdnAiNNwA1imJYeL 500.00000000 57.88649127
2383 571215 510262 MmcZ5N8U78d8gSgEJrhFBnF2xXARWj6AahM 5000.00000000 578.86491275
2384 571231 510273 MmYhgsRYH6Tpiqdk4dAkWUwWuPBQc3U1pGE 9179.00000000 1062.68020682
2385 571231 510273 MmQ6SUkaSzVhrEVRPagiwj2F4KiWH93dUJ6 7989.00000000 924.91035759
2386 571301 510325 MmUng4CfY4RV9mKiWUG9S9A6x8YRDmabBCy 918.00000000 106.27959798
2387 572133 510947 MmRnJ2VuUp18QsoyDMdruPaewirB8isMUc2 512.00000000 59.27576706
2388 572165 510973 MmeUax3dFxWp43EwFEvRE7nZgYgUYSmN88v 1000.00000000 115.77298255
2389 572266 511048 MmRiMdsjXV5VwJx5mhCkC6LeauVRvBzDyHL 280.00000000 32.41643511
2390 573518 512041 Mmgysbae5q8DMRC5sWFpR7bX8QuVaYgYqfY 280.00000000 32.41643511
2391 573672 512157 MmUmgQM8jkFWxbdTQ5ajN58mCE79KKQiMpc 400.00000000 46.30919302
2392 573672 512157 MmLFk5b39dDpPjw7B6Pj9D5RDwAa8Lbz9Px 227.00000000 26.28046703
2393 573764 512219 MmUwz46SkyNYQYtDSG3kwXn7eEhESWecP1D 500.00000000 57.88649127
2394 573811 512258 MmUBUGY3JvWhv9v8McPdUkAKWQkhkcA94n5 62.00000000 7.17792491
2395 574197 512551 MmMQFx2kv4PwRovX1uuQWd4cj9CKe3DcUfC 4000.00000000 463.09193020
2396 574685 512926 MmZmBgsAELGUC1F6wn5jDC6h9HghKCCFphJ 1000.00000000 115.77298255
2397 574712 512947 MmUBUGY3JvWhv9v8McPdUkAKWQkhkcA94n5 30.00000000 3.47318947
2398 574723 512954 MmTTG8NT2oL4k9Gq62qWqn2G7fTf1RfU1LC 1800.00000000 208.39136859
2399 574724 512955 MmfDWzSHLMfcPKcaKrhifU91VhSM5dHpFss 700.00000000 81.04108778
2400 574856 513050 Mmdu9PxAs8qMqi3SPfYp4WaoLAS9TrY5Ck5 1000.00000000 115.77298255
2401 574862 513055 MmiAZpXeVFKjnYMd9EUoah5vbrrCgSF4WZ5 318.00000000 36.81580845
2402 574872 513064 Mmdu9PxAs8qMqi3SPfYp4WaoLAS9TrY5Ck5 500.00000000 57.88649127
2403 574976 513146 MmXHbwV4PVRhnfPYA2Zqa4af7MJsZH3HuuK 50.00000000 5.78864912
2404 574983 513153 MmSif49K5LkJnvkaLLDVBvFYFViFnEi4iSK 136.00000000 15.74512562
2405 575695 513708 MmiuCjM6wJzuXdGYeFyiv2tMauk3HYRBvuu 100.00000000 11.57729825
2406 575759 513750 Mmgysbae5q8DMRC5sWFpR7bX8QuVaYgYqfY 30.00000000 3.47318947
2407 576428 514292 MmSatvbMWw4YXywPzXgt3vJbEzaGRUiwm5y 500.00000000 57.88649127
2408 577690 515277 MmMPh1pauGG3k93ZSkgbyEsoM6iEQwowR6o 3754.00000000 434.61177649
2409 577872 515408 MmSif49K5LkJnvkaLLDVBvFYFViFnEi4iSK 247.00000000 28.59592668
2410 578075 515564 MmZ8SCnbxD48wNoV5b26ZoZ9dmhfucSr1rL 32.00000000 3.70473544
2411 578285 515716 MmTj8G6QyrAJhunACnLJAz1XQahwLYHyuvN 400.00000000 46.30919302
2412 578650 515989 MmZb2pxDQtYY5QCD69dx43rM3d5JPdTjbCn 1000.00000000 115.77298255
2413 578934 516201 MmYeXyd29D9W2cHAkmV31vt3ambkkJgxHmN 150.00000000 17.36594738
2414 579545 516663 MmNSmWkZHzoXTnPgKFe5qvRZjuCS6aXkPaY 50.00000000 5.78864912
2415 579692 516767 MmiAZpXeVFKjnYMd9EUoah5vbrrCgSF4WZ5 1000.00000000 115.77298255
2416 580994 517772 MmPdHrY5dm1ztqLaFj8Fe2m2PjqR4fF6qg7 10504.00000000 1216.07940870
2417 581393 518071 Mmi8oYtiWiaNcos5JHMR4gLmK5s1gFEE8hX 3500.00000000 405.20543892
2418 581546 518184 MmR7STCsZ7v5J4CWPieyP72fdB1vHqQCnHj 209.00000000 24.19655335
2419 581618 518245 MmTPK6dF4rTF74M1XRR82aqNxjN6mNroev8 45.00000000 5.20978421
2420 581627 518251 MmUBUGY3JvWhv9v8McPdUkAKWQkhkcA94n5 30.00000000 3.47318947
2421 582052 518544 MmZKUSnb4oGQALYNkfC4buKYRvKXXpWC8Qp 272.00000000 31.49025125
2422 583336 519520 MmipbtZ7H5WdrYLHBwQNutVveqJ35gXMDUv 88.30000000 10.22275435
2423 583539 519677 MmPdHrY5dm1ztqLaFj8Fe2m2PjqR4fF6qg7 6299.00000000 729.25401708
2424 583574 519705 MmSif49K5LkJnvkaLLDVBvFYFViFnEi4iSK 314.00000000 36.35271652
2425 584974 520761 MmQeu2Qij8j37gu3qN21hxgG1k1p4XNFBEe 500.00000000 57.88649127
2426 585315 521004 MmSif49K5LkJnvkaLLDVBvFYFViFnEi4iSK 269.00000000 31.14293230
2427 585717 521301 MmLXRs8JydQ839KGsJrQuBQCa9eqKVxKbbW 5000.00000000 578.86491275
2428 586556 521949 MmTPK6dF4rTF74M1XRR82aqNxjN6mNroev8 32.00000000 3.70473544
2429 588993 523794 MmSif49K5LkJnvkaLLDVBvFYFViFnEi4iSK 286.00000000 33.11107300
2430 589237 523970 MmUBUGY3JvWhv9v8McPdUkAKWQkhkcA94n5 32.00000000 3.70473544
2431 589302 524014 MmKjLLLyj1T6vBi4EQtKB23yhZkVcrvESma 1000.00000000 115.77298255
2432 590229 524707 MmQ6ovc7AwMxMZpd7aQFgfcgja7BzEowckh 1000.00000000 115.77298255
2433 590993 525320 MmSif49K5LkJnvkaLLDVBvFYFViFnEi4iSK 10.00000000 1.15772982
2434 591051 525370 MmcnmbvX441EdLhxD9SjMnXvhrfJJt1Bx4L 390.00000000 45.15146319
2435 592081 526235 Mme5ZnNHzE9GVji2td6Y5x5exPkVDHLYb2Q 2100.00000000 243.12326335
2436 592410 526499 MmZPAQGodVvvnc6JqXduEoF7Cb9S98tQjgp 2000.00000000 231.54596510
2437 592414 526500 MmWgKrQS1gWPempAVfqBZpUwxCkPF4jsEps 152.00000000 17.59749334
2438 592472 526548 MmUesAcpTHzDwjkCsMtLRBrPMaEddC32u9o 10000.00000000 1157.72982550
2439 592531 526591 MmXHbwV4PVRhnfPYA2Zqa4af7MJsZH3HuuK 50.00000000 5.78864912
2440 592676 526717 MmSif49K5LkJnvkaLLDVBvFYFViFnEi4iSK 258.00000000 29.86942949
2441 593155 527116 MmKfjMESSKKDtgMHreaUhC3jtaPAkfsRcBS 230.00000000 26.62778598
2442 593157 527118 MmQzhQ3J6P7dSod8c461wHFKkfJTiWUUwXV 510.00000000 59.04422110
2443 593309 527249 MmRpxuCitvXE4iRXNCdxHV4re9X173HDGri 1550.00000000 179.44812295
2444 594313 528113 MmPdHrY5dm1ztqLaFj8Fe2m2PjqR4fF6qg7 1000.00000000 115.77298255
2445 594339 528131 MmZW9mteGHYdcZtRLhPUnL9BorFGEYtdybi 1572.00000000 181.99512856
2446 595498 529122 MmSif49K5LkJnvkaLLDVBvFYFViFnEi4iSK 2011.00000000 232.81946790
2447 596089 529623 Mma9ezvbzSYNLEXPasWokx1GaoDtUNe1682 1298.00000000 150.27333135
2448 596110 529641 MmLmALtdu15hVzn9zpXN18rrw1RPfNsJ2mW 1103.00000000 127.69759975
2449 596175 529698 MmVNm98Ei448oufA9ZbVvZx7zfMPmD3UqBt 700.00000000 81.04108778
2450 596244 529758 MmRrs85KK9bUXHJuc31MgWpVDLiQuYgYvgt 449.00000000 51.98206916
2451 596266 529779 MmSif49K5LkJnvkaLLDVBvFYFViFnEi4iSK 263.00000000 30.44829441
2452 596648 530091 MmZKUSnb4oGQALYNkfC4buKYRvKXXpWC8Qp 81.00000000 9.37761158
2453 596710 530135 MmPzpLpLamJNwBPVz7NrqcsXa4AwmX9iU3V 350.00000000 40.52054389
2454 596977 530352 MmQk7rJH19WMZwzAm3UFS8721RgHcnD5q15 2000.00000000 231.54596510
2455 597531 530784 MmL47i3Mb8W2KC4QeHqGv9m47Ap9VUh3DGA 50.00000000 5.78864912
2456 597675 530913 MmRxoD9f57jDexnzoYXB8wQDZ5BiB2Y5J4e 3000.00000000 347.31894765
2457 597866 531071 MmSif49K5LkJnvkaLLDVBvFYFViFnEi4iSK 1775.00000000 205.49704402
2458 599437 532427 MmY5p5ztUkmy7S5ybd8yERsXYgVntvY2FjC 1000.00000000 115.77298255
2459 599581 532548 MmaXN6kYg5qhGJcVGEuYNZeQxo4pXxKZBWw 1000.00000000 115.77298255
2460 599744 532683 MmTPK6dF4rTF74M1XRR82aqNxjN6mNroev8 61.00000000 7.06215193
2461 599750 532688 MmZKUSnb4oGQALYNkfC4buKYRvKXXpWC8Qp 82.00000000 9.49338456
2462 600052 532924 MmSif49K5LkJnvkaLLDVBvFYFViFnEi4iSK 265.00000000 30.67984037
2463 600238 533087 MmUBUGY3JvWhv9v8McPdUkAKWQkhkcA94n5 44.00000000 5.09401123
2464 600376 533194 MmRRTT11wPL2mQxiCmdza9WAm9snzXR8Mcy 850.00000000 98.40703516
2465 600552 533340 MmQk7rJH19WMZwzAm3UFS8721RgHcnD5q15 1600.00000000 185.23677208
2466 600769 533532 MmLaPuFkzcUc1DgLnnNkWdoTeCf21AjrKzN 444.00000000 51.40320425
2467 600785 533546 MmUmgQM8jkFWxbdTQ5ajN58mCE79KKQiMpc 100.00000000 11.57729825
2468 600822 533578 MmXHbwV4PVRhnfPYA2Zqa4af7MJsZH3HuuK 50.00000000 5.78864912
2469 600829 533585 MmSif49K5LkJnvkaLLDVBvFYFViFnEi4iSK 2021.00000000 233.97719773
2470 601112 533828 MmVbvn9P4Smekscv9JAcfMd1tUa6fkPey1Q 3263.39900000 377.81343548
2471 601159 533870 MmPwQTvvZd9PYVCowuCB13ZGCTFAKRdnKys 3000.00000000 347.31894765
2472 602433 534996 MmRovVyMfB5diuUNaLNVZYpH98jkpG574ye 300.00000000 34.73189476
2473 602517 535059 MmSif49K5LkJnvkaLLDVBvFYFViFnEi4iSK 257.00000000 29.75365651
2474 603452 535870 MmUwz46SkyNYQYtDSG3kwXn7eEhESWecP1D 500.00000000 57.88649127
2475 604279 536566 MmLFk5b39dDpPjw7B6Pj9D5RDwAa8Lbz9Px 215.00000000 24.89119124
2476 604369 536648 MmbEEDc4pvSD4oUBWVYFHKmpxhC9fcmWXs6 1453.00000000 168.21814364
2477 604512 536762 MmhQ7752EgipE6PMX25DoM6k8tuVc3o21rw 4000.00000000 463.09193020
2478 605721 537812 MmXhimpYtVC62sPEHGEipmRct4WUPJab4rK 4000.00000000 463.09193020
2479 606327 538287 MmSif49K5LkJnvkaLLDVBvFYFViFnEi4iSK 273.00000000 31.60602423
2480 606510 538431 MmhhdUaTsMca89BYSKoq6neKQKfovCi3LUN 5000.00000000 578.86491275
2481 606535 538452 MmUBUGY3JvWhv9v8McPdUkAKWQkhkcA94n5 31.00000000 3.58896245
2482 606537 538453 MmQKu9HbTos6gD4wR2deErWTXdjR55vM3Sp 7000.00000000 810.41087785
2483 606568 538480 MmQKu9HbTos6gD4wR2deErWTXdjR55vM3Sp 1000.00000000 115.77298255
2484 606924 538774 MmRnJ2VuUp18QsoyDMdruPaewirB8isMUc2 508.00000000 58.81267513
2485 607044 538878 MmhTJ8XmAC33m2wCa1wgQg7BT4SBsBxPyFM 15531.61400800 1798.14127752
2486 607220 539026 MmSmuexLnCnnDmCWX32dH5VTzB8dEzXTSjR 22000.00000000 2547.00561610
2487 607459 539239 MmSv1BDDfPsixGCntDqKPcMBYZ3qdCoTQzy 1000.00000000 115.77298255
2488 607803 539533 MmhTJ8XmAC33m2wCa1wgQg7BT4SBsBxPyFM 1421.81550100 164.60782118
2489 607818 539547 MmNCXReEaFeMsFdBtrEqKqB1ryk5QLG7kMv 226.00000000 26.16469405
