Number Order Height Timestamp Address Amount(Meer) profit(Meer)
728 180956 180312 1638349938 MmRovVyMfB5diuUNaLNVZYpH98jkpG574ye 50 12.45797860
729 181199 180537 1638356336 MmaXQdHQSMYa1xCgYTvvsvpShbeRP52fz1p 1000 249.15957216
730 181528 180853 1638366141 MmLQB7g7VsLxo882fL4iEtLTyMrzevoCMQA 500 124.57978608
731 182967 182272 1638409301 MmTcWSYjy6UeZHjR5mvWSLHfoTPvKxDdcQ5 200 49.83191443
732 183469 182711 1638421949 MmcsGFC6KgG3JYq41jVQnumtnxy4Ygp2bkk 800 199.32765773
733 183675 182894 1638427465 Mme9FvNU6MBmJ5YVx6SYo7HiJAYLuLPY5mD 17 4.23571272
734 183677 182896 1638427525 MmbnHWGc4qG1soJNb7ASovCzWMhwfE4moZL 40 9.96638288
735 184244 183422 1638445132 MmWSXnMoxiZuma4D7TYpQZ6uLFYpiXa8c8X 200 49.83191443
736 184327 183505 1638448242 MmRrs85KK9bUXHJuc31MgWpVDLiQuYgYvgt 8.5 2.11785636
737 184417 183594 1638451124 MmgsY7WVihvTQuyWqnR1Cxy1mHSTrhPwKua 500 124.57978608
738 184450 183627 1638452187 MmUdogbijCH4FcmifHZXrvNLPvoJuPjaqmz 1000 249.15957216
739 185398 184574 1638480735 MmNCXReEaFeMsFdBtrEqKqB1ryk5QLG7kMv 1000 249.15957216
740 186218 185387 1638504610 Mma84KVNJ1GH79uswDCyc5rUijzbrErD15q 500 124.57978608
741 186348 185509 1638508010 MmYrMzJ3UepsVW6Bb9nrC6tit6jzLMwzyWj 84 20.92940406
742 186544 185699 1638514043 MmWgKrQS1gWPempAVfqBZpUwxCkPF4jsEps 200 49.83191443
743 186628 185783 1638516276 Mma9ezvbzSYNLEXPasWokx1GaoDtUNe1682 46 11.46134031
744 187182 186333 1638533183 Mmah1RLFDExUR6WpSynQZ3VXRJCDtxMUjb4 1000 249.15957216
745 188390 187524 1638568371 MmRovVyMfB5diuUNaLNVZYpH98jkpG574ye 50 12.45797860
746 189181 188295 1638591328 MmYvVNquDGNv3fiUa6edJda3oFib6TQwWty 486.999 121.34046248
747 189959 188981 1638611532 MmRovVyMfB5diuUNaLNVZYpH98jkpG574ye 50 12.45797860
748 190063 189070 1638614134 MmL5sQcDmhnPFEF2disKuEVLtcyM7M8goWb 1.86 0.46343680
749 190136 189143 1638616239 MmTomM8cApgqLU7GQffep3o63KZsZZ59x2m 500 124.57978608
750 190304 189306 1638621249 MmiFN1oH8urXTencsxWPLCLAAYHTndTczzg 3500 872.05850256
751 190348 189346 1638622466 MmWsDVQRAL3ooKB1yJwyvuMNvxNvYiFMMNu 500 124.57978608
752 191907 190881 1638668886 MmaJ2tfSchbPCks8sGZDnp2fsKhmfNEJQCm 58.6 14.60075092
753 192556 191427 1638684922 MmQviHdogq5s1S2ACumxDUpfFghPHCnJ3h3 2 0.49831914
754 192714 191553 1638688546 MmfvxtLu4JxDSt73L2taDqcPgGTiErCtQcS 500 124.57978608
755 193103 191874 1638698362 MmdUt3quMgwKJ2Kve36ZGqru2VMyoD5bfzF 1000 249.15957216
756 193206 191962 1638701292 Mmd1URYKeiiSxbu2mkoYepBuRjus1utwbM2 1500 373.73935824
757 193251 192005 1638702602 MmPLPWWXHriH2n3gA6RqmfYUtRRFtKTc5DV 418.63 104.30567169
758 193355 192109 1638705786 MmivCur3s1PnaGNxQpxrHxbiNVLgt3kPkwo 178.3 44.42515171
759 193591 192336 1638712189 Mmh5HVDaAkZHmNTwJe1csrMUQbUtabfchoM 10 2.49159572
760 193624 192367 1638712982 MmQrd3iSHZKryrTnyGfiHQ6xtyjKWTtgpAR 45000 11212.18074731
761 195012 193746 1638754810 MmPLPWWXHriH2n3gA6RqmfYUtRRFtKTc5DV 30.488 7.59637703
762 195090 193822 1638757400 MmP4xhitsu4J6dDrAs7afmznotBX4aCu3wR 49.82 12.41312988
763 195494 194173 1638768510 Mmcb3qG8yRXfRcZ85UZXKoqC7yRykhTiq7U 212 52.82182929
764 196010 194567 1638779840 MmWjoibMmPLG6e3ZZKXbK6Y7E6vpXqrtJuh 5000 1245.79786081
765 196440 194919 1638790031 MmMvXPVM6mphk4xg2d5WGhLEKzQ2ALqAq9o 210 52.32351015
766 196594 195045 1638793867 MmbyzgUMHJeiHfhgUWpghdKpUDb7DkyXRqt 4500 1121.21807473
767 197006 195430 1638804930 MmiFN1oH8urXTencsxWPLCLAAYHTndTczzg 1000 249.15957216
768 197018 195438 1638805177 MmNkqvsAXgRhqZat549yoDzFxeFjYc1AEhE 414 103.15206287
769 197062 195478 1638806661 MmTRRA5a137nWC2khc7sxhiVtct5CkFNw3C 3 0.74747871
770 197187 195593 1638810309 MmfMDdLdxycAeUUpQmo6bC2it7aM5tCeEcE 4900 1220.88190359
771 198694 197004 1638852841 MmimBJ4cem7ZUvyLt3BS4G4Vz3qMA7Ubfxq 12.86013889 3.20422670
772 198992 197235 1638859591 MmKyXQezZsz2MfHfojkJeuxhPKd2Cyy96L6 500 124.57978608
773 199002 197244 1638859892 MmNkqvsAXgRhqZat549yoDzFxeFjYc1AEhE 186 46.34368042
774 199597 197710 1638873673 MmLH1F6S3iNPwE12mhNRqcoHGxYiiWstD9d 2500 622.89893040
775 199850 197912 1638879864 MmY5eGMm7FyNQ4mBfXhP4AvvuYqe1htnBZN 500 124.57978608
776 201977 199867 1638938244 MmeRJwnpKThkfBwY4xGqo4MgVeMwwJ1iqUX 109 27.15839336
777 202431 200232 1638949607 MmXHbwV4PVRhnfPYA2Zqa4af7MJsZH3HuuK 28 6.97646802
778 202482 200271 1638950703 MmWgKrQS1gWPempAVfqBZpUwxCkPF4jsEps 500 124.57978608
779 202932 200632 1638961676 MmNkqvsAXgRhqZat549yoDzFxeFjYc1AEhE 498 124.08146693
780 203020 200711 1638964018 MmhbU4qoj3tabg7XkENevyrFxqCmZPLF9Cc 28 6.97646802
781 203176 200841 1638968238 MmVsfChfXVWULSrZUpH5BrZ76uDuQa9Wn5T 185 46.09452085
782 204994 202509 1639018162 MmXHbwV4PVRhnfPYA2Zqa4af7MJsZH3HuuK 14 3.48823401
783 205326 202806 1639027346 MmX1tn2yNBVT3iGnX4U4wXPAyzzJZuJTvSD 500 124.57978608
784 205448 202909 1639030252 MmVBSibBfxFLMvrGKNoTD6VJWGYMmDxXEQj 1000 249.15957216
785 205611 203058 1639034468 MmUZdQHKKiZm2gpfNYvJxX4xRZn5N5MmSho 1000 249.15957216
786 207927 205038 1639093883 MmLQB7g7VsLxo882fL4iEtLTyMrzevoCMQA 500 124.57978608
787 208230 205305 1639102268 MmguKTvDdpq668U4DfsUFZXVBYjKYbha5pn 1000 249.15957216
788 208442 205468 1639107216 MmPUKh93iWEFtgbQH6pSJeMyahdtvSZT4PF 501 124.82894565
789 208451 205476 1639107402 MmNkVXfVtKXp9pVxPuUHQqvtnen4D331rrE 500 124.57978608
790 208459 205482 1639107773 MmLUPq8HMfz8dk9P28dG86SoVXYjLJ8weGu 50 12.45797860
791 208897 205825 1639117987 MmgXqUQc6TZEfyZPMefVaVJpudBvVGF6a2c 29 7.22562759
792 209278 206128 1639126506 MmLu9DUDSaLT34vA8GCBimPmFHiCn77Ti7k 11 2.74075529
793 209296 206143 1639127147 MmbqCrqt2kZCM3j1ax1Fp15N6sH7HbG3Dtj 50 12.45797860
794 211399 208079 1639187959 MmQSVkrv57wjDJ9VYpJmsWyj5ni8eyYAqsg 1000 249.15957216
795 211768 208428 1639197936 MmNSmWkZHzoXTnPgKFe5qvRZjuCS6aXkPaY 110 27.40755293
796 211911 208564 1639202389 MmX5a4NG8SJKTyPrMeUtXAX1s8j6ZhCmm7J 600 149.49574329
797 212060 208703 1639206737 MmNRKy2BQLH9BRQHxUhEBEWhrnVxeSXLgJf 70 17.44117005
798 212558 209171 1639220685 MmSXTLNDuyNULDhhzb3JoxgJMjDtGSfGjER 500 124.57978608
799 213772 210374 1639256890 MmXHbwV4PVRhnfPYA2Zqa4af7MJsZH3HuuK 30 7.47478716
800 214368 210955 1639273052 MmRVVBWNn2td24Lp4yPwd5w9peqNfxZBVWn 500 124.57978608
801 214860 211406 1639286181 MmaJ2tfSchbPCks8sGZDnp2fsKhmfNEJQCm 68.8 17.14217856
802 214959 211497 1639289037 MmWSXnMoxiZuma4D7TYpQZ6uLFYpiXa8c8X 100 24.91595721
803 215327 211817 1639298418 MmN3naE5eGGaveXQxvgWs3mnwDvSegyUeey 1000 249.15957216
804 215327 211817 1639298464 MmVka7EtUVq8u8wNqmBor4nBui7SpAUk9Gt 1000 249.15957216
805 215615 212061 1639305821 Mmh9ynK4XVK4zRPFFQgkYBuxjMBDBNne9KE 0.001 0.00024915
806 215897 212338 1639314203 MmQLA1CGoW6kSuW6BE3Q9KM5PxDmEK1iyLz 55 13.70377646
807 217725 214048 1639365895 MmdgMa2oBET9xS3ZY9H6WuPqQfmiS71qbSY 611.5 152.36107837
808 217955 214229 1639370657 MmWgKrQS1gWPempAVfqBZpUwxCkPF4jsEps 100 24.91595721
809 220814 216728 1639446242 MmSBoy37jGkkMTE1sk7L9KfVqrFm8khf71W 116.49 29.02459856
810 221659 217460 1639467904 MmhczbvAAGh9NkQt95XgaUtVSjCYjUGURv3 170 42.35712726
811 222079 217829 1639479024 MmgryJ1hy4zFpsA74XC6xD9zv5RUZbfhRMP 1500 373.73935824
812 224676 220181 1639550501 MmRVVBWNn2td24Lp4yPwd5w9peqNfxZBVWn 500 124.57978608
813 224862 220316 1639554094 MmN3naE5eGGaveXQxvgWs3mnwDvSegyUeey 1000 249.15957216
814 225195 220616 1639563819 MmczJNEQ3HpWDiDN94Wbo8hyFwm69vyjrZH 8500 2117.85636338
815 225760 221093 1639578186 MmhczbvAAGh9NkQt95XgaUtVSjCYjUGURv3 51 12.70713818
816 225789 221113 1639578990 MmQCqqud2zWUeu1AKvFpgLpn3YC9H9WCrDT 407 101.40794587
817 226068 221380 1639587144 MmTYpWVtbbJsNt4rFuUFbtdez7f61hPSZVN 100 24.91595721
818 226077 221388 1639587534 MmT9wChLYSjadTkGpXpqVCXrdUk5bdh3MEm 100 24.91595721
819 227863 223011 1639635699 MmUqSxeiX7cCs5tyjoznSzckoD1z34aXQv5 149.999 37.37368666
820 229006 224038 1639666587 Mmi5a8ogNZX95X7sArxmPtL3nQHmE5q7vQR 12 2.98991486
821 230906 225762 1639718248 MmNFV8WgmxHNCTApT2rWYB5bf9YFMPsgQTr 118 29.40082951
822 233516 228198 1639793534 MmKyXQezZsz2MfHfojkJeuxhPKd2Cyy96L6 500 124.57978608
823 233761 228428 1639800301 MmazENqv1mU9sy3C3VgKNUiVKAi2ewyZWiE 50.1 12.48289456
824 233946 228593 1639805245 MmchK5bsiUcKMjkuiS48fNjEMSFuu4qYhk8 1000 249.15957216
825 234169 228792 1639811398 MmVsfChfXVWULSrZUpH5BrZ76uDuQa9Wn5T 50 12.45797860
826 234484 229082 1639819956 MmVka7EtUVq8u8wNqmBor4nBui7SpAUk9Gt 20000 4983.19144325
827 234485 229083 1639819969 MmfneLY9u2vsQZThJeRA1mE5e1HVS94K7nT 1000 249.15957216
828 235194 229761 1639840735 MmT9wChLYSjadTkGpXpqVCXrdUk5bdh3MEm 475 118.35079677
829 240497 234692 1639987030 MmZfba8wgaQNbzbR6Ee2dEWviy819fNJzSA 500 124.57978608
830 241302 235360 1640007949 MmUF5Egj8teMPNH2eWdRM2J1zFARSakFE5q 100 24.91595721
831 241920 235951 1640025299 MmcbDymccGWpaNENukfaS9KbM5HiFkWoq5D 35 8.72058502
832 242334 236355 1640037287 MmUZdQHKKiZm2gpfNYvJxX4xRZn5N5MmSho 1500 373.73935824
833 242643 236656 1640046112 MmKyXQezZsz2MfHfojkJeuxhPKd2Cyy96L6 1000 249.15957216
834 243114 237025 1640057874 MmcDCKNwcr3Se36ZcA1qyDSUovQBvKngjuy 0.366 0.09119240
835 243579 237352 1640067876 MmRRTT11wPL2mQxiCmdza9WAm9snzXR8Mcy 720 179.39489195
836 243719 237460 1640070839 MmPLTR1gSP7ER8f52WriD1sTQMULLf9PnHU 203 50.57939314
837 246092 239675 1640137289 MmZmBgsAELGUC1F6wn5jDC6h9HghKCCFphJ 1000 249.15957216
838 246110 239689 1640137657 MmiAZpXeVFKjnYMd9EUoah5vbrrCgSF4WZ5 400 99.66382886
839 246131 239706 1640138182 MmfXV9RQnfGbLrmqekeL5AfprscR3zcq3Kk 311 77.48862694
840 246590 240033 1640147842 MmZW9mteGHYdcZtRLhPUnL9BorFGEYtdybi 905 225.48941280
841 246850 240264 1640154853 MmNSmWkZHzoXTnPgKFe5qvRZjuCS6aXkPaY 120 29.89914865
842 247039 240419 1640159501 MmZVo1zhkevQpGDsXqz5LQgmnodx5QH9mkB 500 124.57978608
843 247205 240552 1640163500 MmN3naE5eGGaveXQxvgWs3mnwDvSegyUeey 1000 249.15957216
844 247763 241053 1640178737 MmgqW999BEJQG4TgnpLQQghmM1NVVJWsjVy 794 197.83270029
845 247889 241177 1640181944 MmX9RxuGeZmXFv2R3uGa4SUupEdry9NAJmF 230 57.30670159
846 248352 241631 1640195632 MmVka7EtUVq8u8wNqmBor4nBui7SpAUk9Gt 2000 498.31914432
847 249306 242557 1640223703 MmR7STCsZ7v5J4CWPieyP72fdB1vHqQCnHj 224 55.81174416
848 249447 242666 1640227282 MmXHbwV4PVRhnfPYA2Zqa4af7MJsZH3HuuK 28 6.97646802
849 249656 242822 1640232003 MmiGVLbmtnCQMMPMZk9iLpLdMf2HQJ463GT 315 78.48526523
850 251094 244062 1640269129 MmchK5bsiUcKMjkuiS48fNjEMSFuu4qYhk8 3000 747.47871648
851 252787 245638 1640319240 MmZVo1zhkevQpGDsXqz5LQgmnodx5QH9mkB 500 124.57978608
852 252950 245766 1640322725 Mma9ezvbzSYNLEXPasWokx1GaoDtUNe1682 53.55 13.34249508
853 255521 248159 1640393078 MmNCXReEaFeMsFdBtrEqKqB1ryk5QLG7kMv 1000 249.15957216
854 255598 248226 1640395178 MmQLA1CGoW6kSuW6BE3Q9KM5PxDmEK1iyLz 150 37.37393582
855 256051 248568 1640405334 MmRE1R5jU7u6vFb8CwULBDVrZwM8Mrt3X8T 39 9.71722331
856 256770 249175 1640423452 MmVka7EtUVq8u8wNqmBor4nBui7SpAUk9Gt 1000 249.15957216
857 257098 249445 1640431335 MmaAp4YyH1nqBQyBGNBZ4zrcM3AkEGTZTs8 2000 498.31914432
858 257354 249672 1640438435 MmbWS3CimuWwveKfhToxEMyUdHHjbXgSFvb 500 124.57978608
859 259584 251641 1640498161 MmT9wChLYSjadTkGpXpqVCXrdUk5bdh3MEm 549 136.78860511
860 259800 251817 1640504089 MmNeYZnxcoygSZ9Fnr8twhYsgE6FXCE83re 200 49.83191443
861 260261 252214 1640515478 MmQVeCYqCB7LNmmx8WBgcXRDwLsfn29EWH9 484 120.59323292
862 260281 252228 1640515933 MmLGSSYQh13BGBh6bGGmvpKRbYVUoJnxmqc 1000 249.15957216
863 262372 254167 1640574018 MmZKUSnb4oGQALYNkfC4buKYRvKXXpWC8Qp 768 191.35455142
864 262820 254516 1640584799 MmhbU4qoj3tabg7XkENevyrFxqCmZPLF9Cc 100 24.91595721
865 263465 255051 1640600537 MmcAeVfCvuctkewkDxzUdwXcAHxqSwDDzxo 1300 323.90744381
866 265604 257032 1640663417 Mme127pugaMw8dQv5e6EZpPdWiEHqcBfAVQ 50 12.45797860
867 268099 259328 1640730134 MmW3JBbvN31ZqjuV4B2HcPKaW1fzWKPE6ct 13 3.23907443
868 268889 260001 1640750423 Mmgysbae5q8DMRC5sWFpR7bX8QuVaYgYqfY 424 105.64365859
869 268995 260077 1640752487 MmXHbwV4PVRhnfPYA2Zqa4af7MJsZH3HuuK 50 12.45797860
870 269083 260142 1640754515 MmQVD9ZkW2MznvhBiRD1Ycb3KgMZw7WB3b5 1000 249.15957216
871 269144 260196 1640756338 MmfBSxK6o4hzTXArtvtfwURvLkcEL2mdEDx 210 52.32351015
872 269523 260501 1640765463 MmidLgv1wUCFwATXi9fWpiuTUg51TsbRiv7 1003 249.90705087
873 269569 260534 1640766731 Mma84KVNJ1GH79uswDCyc5rUijzbrErD15q 1500 373.73935824
874 269697 260644 1640769561 MmVka7EtUVq8u8wNqmBor4nBui7SpAUk9Gt 1000 249.15957216
875 270357 261212 1640786404 MmgMPvbacsoFqrZJcqhVm5aMSTVV5t3pVXB 1163 289.77258242
876 271940 262688 1640831316 MmZJkhTjCUkTWzNDJeeqAez3nD6a5PJq7mu 32 7.97310630
877 273576 264019 1640871026 MmisiZEqQd6Vwic7uoZEjRr3jZghCF44bkp 700 174.41170051
878 275076 265454 1640914137 MmUoK7TCKdzfZLNGZggxaMhDdhuDs4w6Gdf 500 124.57978608
879 275296 265596 1640918871 MmR3yfPYwtaWHmAxjSRWP5ymxH4HFtws39K 2000 498.31914432
880 275516 265742 1640923297 MmYcg229AEtNdHB5BVpvvowkH6E4T2Cpmdh 500 124.57978608
881 275942 266048 1640931924 MmT9wChLYSjadTkGpXpqVCXrdUk5bdh3MEm 210 52.32351015
882 275974 266079 1640932887 MmRkGkzAtXoyYuP1kvCfxXPk5pGgPgfeKGQ 470 117.10499891
883 276172 266213 1640937170 MmRRTT11wPL2mQxiCmdza9WAm9snzXR8Mcy 520 129.56297752
884 276188 266224 1640937514 MmVsfChfXVWULSrZUpH5BrZ76uDuQa9Wn5T 68 16.94285090
885 276266 266289 1640939217 Mmis9Eue6SEyg5djSAWwdhWyT4AeCVikm65 501 124.82894565
886 276481 266458 1640944711 MmS2z9EZytZGw4iKnTJaPUCfSFfEixjDsip 114 28.40419122
887 276620 266585 1640948357 MmPLTR1gSP7ER8f52WriD1sTQMULLf9PnHU 127 31.64326566
888 277068 266988 1640960990 MmbWS3CimuWwveKfhToxEMyUdHHjbXgSFvb 500 124.57978608
889 277209 267105 1640964239 MmXHbwV4PVRhnfPYA2Zqa4af7MJsZH3HuuK 50 12.45797860
890 278366 268243 1640998191 MmhbU4qoj3tabg7XkENevyrFxqCmZPLF9Cc 72 17.93948919
891 278550 268374 1641003833 MmZYrC2CKGNaUPFy82gueprG1N59WMprH5A 7000 1744.11700513
892 279030 268658 1641010960 MmZv4fpJeoVeRr7S5n34UmZNatLWu1usqem 109 27.15839336
