Number Order Height Timestamp Address Amount(Meer) TimeWeight TotalLockAmount(Meer) profit(Meer)
1 2624 2620 1632983758 MmKsJGj5vHSFLmmPeMatTiKXMSTagHx3cdE 1 5 1.00000000 0.12070663
2 45920 45907 1634288799 Mmg746Tp5gyHZvpi4kdETv8A6Z7NtbEPn2z 1 5 2.00000000 0.12070663
3 56653 56640 1634612935 Mmg746Tp5gyHZvpi4kdETv8A6Z7NtbEPn2z 5 5 7.00000000 0.60353315
4 57207 57194 1634629349 MmfSJEAoDbjFzvSZoVVEuCtTCiuxm6QBCeR 100 5 107.00000000 12.07066319
5 57227 57214 1634629988 MmfSJEAoDbjFzvSZoVVEuCtTCiuxm6QBCeR 278 5 385.00000000 33.55644367
6 57397 57384 1634635595 MmZYrC2CKGNaUPFy82gueprG1N59WMprH5A 10000 5 10385.00000000 1207.06631914
7 57610 57597 1634641346 MmXpj7YDWeDJMCc3dPNKA2mtyDbRNuTtxaq 50 5 10435.00000000 6.03533159
8 57616 57603 1634641495 MmXpj7YDWeDJMCc3dPNKA2mtyDbRNuTtxaq 50 5 10485.00000000 6.03533159
9 57695 57682 1634644320 MmLu9DUDSaLT34vA8GCBimPmFHiCn77Ti7k 499 5 10984.00000000 60.23260932
10 57775 57762 1634646736 Mmbyn3QvdrQZChT2QNbaZQxNFccpToz2inE 1000 5 11984.00000000 120.70663191
11 57813 57800 1634647658 MmTJYKQHZjKkiSCYQPVxMKB8dFzTLfivCxQ 50 5 12034.00000000 6.03533159
12 57858 57845 1634648935 Mmb5rv26dnunUGMTQSMamnUmsyi38QsE8PS 300 5 12334.00000000 36.21198957
13 57955 57942 1634651868 MmVuQDxT8jpqbLQfJR4fgqgDnfDpgoBMUMB 999 5 13333.00000000 120.58592528
14 57986 57973 1634652998 MmVuQDxT8jpqbLQfJR4fgqgDnfDpgoBMUMB 0.99971 5 13333.99971000 0.12067162
15 59586 59573 1634700915 MmNSmWkZHzoXTnPgKFe5qvRZjuCS6aXkPaY 19 5 13352.99971000 2.29342600
16 59825 59812 1634708691 MmcXsT3NSAyQmmacrBuYtUeMH3pqiYABCpC 200 5 13552.99971000 24.14132638
17 59843 59830 1634709300 MmYUU3KcFHXXe6Z415WLYH31rko6b1eh4wS 8999 5 22551.99971000 1086.23898059
18 60329 60316 1634723449 MmTcWSYjy6UeZHjR5mvWSLHfoTPvKxDdcQ5 500 5 23051.99971000 60.35331595
19 60344 60331 1634723943 MmTcWSYjy6UeZHjR5mvWSLHfoTPvKxDdcQ5 10 5 23061.99971000 1.20706631
20 60668 60655 1634733897 Mme6P5vfTQ2KwuDEwhEHbuBmyCRtCJt9jFi 1000 5 24061.99971000 120.70663191
21 60703 60690 1634735169 MmhRMTYt2jvwJW9qKSoTe97xcoFL8tAX8m5 1999.99 5 26061.98971000 241.41205676
22 60774 60761 1634737354 MmMZ36vSLT3aRLMpMDdEYkMhaeoPwg6Famk 100 5 26161.98971000 12.07066319
23 60796 60783 1634738076 MmMZ36vSLT3aRLMpMDdEYkMhaeoPwg6Famk 200 5 26361.98971000 24.14132638
24 60827 60814 1634739051 MmdjjVhp5NNfoHmXc9muaywr5FiaswdGfMt 3500 5 29861.98971000 422.47321169
25 61049 61036 1634744901 MmZYrC2CKGNaUPFy82gueprG1N59WMprH5A 3000 5 32861.98971000 362.11989574
26 61224 61211 1634751297 MmZYrC2CKGNaUPFy82gueprG1N59WMprH5A 500 5 33361.98971000 60.35331595
27 62486 62473 1634788494 Mma6CNrdzFkXbhxGhS1Drra4iee2Zvcb9HS 900 5 34261.98971000 108.63596872
28 62713 62700 1634795958 MmTzk11ShsQi3kYGNbjN3mxkiixKX74MfnW 499.99 5 34761.97971000 60.35210889
29 62737 62724 1634796509 MmNSmWkZHzoXTnPgKFe5qvRZjuCS6aXkPaY 80 5 34841.97971000 9.65653055
30 62774 62761 1634798054 MmUesAcpTHzDwjkCsMtLRBrPMaEddC32u9o 614 5 35455.97971000 74.11387199
31 62778 62765 1634798115 MmUuqa23qDSPPUunvd79ZGpGPXhnoLWxoca 999 5 36454.97971000 120.58592528
32 62780 62767 1634798172 MmZPAQGodVvvnc6JqXduEoF7Cb9S98tQjgp 614 5 37068.97971000 74.11387199
33 62872 62859 1634800461 MmaubsfZQ7LjSmbub116ULZMjZKfX6hP61F 4000 5 41068.97971000 482.82652765
34 62875 62862 1634800531 MmR3yfPYwtaWHmAxjSRWP5ymxH4HFtws39K 999 5 42067.97971000 120.58592528
35 63004 62991 1634804133 MmRovVyMfB5diuUNaLNVZYpH98jkpG574ye 30 5 42097.97971000 3.62119895
36 63409 63396 1634816283 MmX34ruLpsfWU3nnEBGrE4RCj7yMrPZ2jMi 999 5 43096.97971000 120.58592528
37 63429 63416 1634816913 MmTJYKQHZjKkiSCYQPVxMKB8dFzTLfivCxQ 50 5 43146.97971000 6.03533159
38 63959 63946 1634832944 MmZYrC2CKGNaUPFy82gueprG1N59WMprH5A 1000 5 44146.97971000 120.70663191
39 65019 65006 1634865613 MmVYoG5hQ5ANTvSb5y7LpzrXQf2d1e61qQr 50 5 44196.97971000 6.03533159
40 65661 65648 1634884659 MmdjjVhp5NNfoHmXc9muaywr5FiaswdGfMt 400 5 44596.97971000 48.28265276
41 65859 65846 1634890147 Mmg746Tp5gyHZvpi4kdETv8A6Z7NtbEPn2z 1 5 44597.97971000 0.12070663
42 65919 65906 1634891863 MmgQBFaZbmUxP5KjFYewb6NdWhgdj3nbtn2 1100 5 45697.97971000 132.77729510
43 66144 66131 1634899529 MmNSmWkZHzoXTnPgKFe5qvRZjuCS6aXkPaY 1 5 45698.97971000 0.12070663
44 66307 66294 1634904345 MmTJYKQHZjKkiSCYQPVxMKB8dFzTLfivCxQ 50 5 45748.97971000 6.03533159
45 66364 66351 1634905546 MmSeQzm7byCBQUGPHRfQXwk89B5gq7URoLT 1000 5 46748.97971000 120.70663191
46 66376 66363 1634905808 MmUesAcpTHzDwjkCsMtLRBrPMaEddC32u9o 386 5 47134.97971000 46.59275991
47 68269 68256 1634962932 MmT1X5ekNjv683YckV8eLwTohr2KmoFHnw9 79.8 5 47214.77971000 9.63238922
48 68306 68293 1634964094 MmcXsT3NSAyQmmacrBuYtUeMH3pqiYABCpC 500 5 47714.77971000 60.35331595
49 71618 71605 1635063687 MmheZL6SN8RhzTtLdN4bhK7GXCZCbNmvVyY 40 5 47754.77971000 4.82826527
50 72389 72376 1635086323 MmSVtzp25G3PRsc2VYvJ1baogPHV2aKSG72 100 5 47854.77971000 12.07066319
51 72402 72389 1635086754 MmQeu2Qij8j37gu3qN21hxgG1k1p4XNFBEe 300 5 48154.77971000 36.21198957
52 72778 72765 1635098676 MmZYrC2CKGNaUPFy82gueprG1N59WMprH5A 2000 5 50154.77971000 241.41326382
53 74695 74682 1635155850 MmaSnnD6Gqtfk6Y1Wphz5UCm9sZMv2JA3tw 997.9 5 51152.67971000 120.45314798
54 74705 74692 1635156024 MmiiH3JnJNmCF4BrazeQdFoR17c9EwodBQY 349 5 51501.67971000 42.12661453
55 74838 74825 1635160534 MmbScLjRvv2sxsj8YNkHHRkQfZ6kofKt5Xx 215 5 51716.67971000 25.95192586
56 75190 75177 1635171338 MmaJ2tfSchbPCks8sGZDnp2fsKhmfNEJQCm 5.6 5 51722.27971000 0.67595713
57 76190 76177 1635201927 MmSeQzm7byCBQUGPHRfQXwk89B5gq7URoLT 1000 5 52722.27971000 120.70663191
58 76807 76794 1635219999 MmTJYKQHZjKkiSCYQPVxMKB8dFzTLfivCxQ 50 5 52772.27971000 6.03533159
59 76888 76875 1635222654 Mmg746Tp5gyHZvpi4kdETv8A6Z7NtbEPn2z 100 5 52872.27971000 12.07066319
60 76918 76905 1635223497 MmRovVyMfB5diuUNaLNVZYpH98jkpG574ye 30 5 52902.27971000 3.62119895
61 76929 76916 1635223711 MmPSfMfM497JC2h5Gyf63d4dfdnC4x5LkAw 50 5 52952.27971000 6.03533159
62 76951 76938 1635224500 MmSXTLNDuyNULDhhzb3JoxgJMjDtGSfGjER 990 5 53942.27971000 119.49956559
63 76955 76942 1635224588 Mmhjd2RwQzbmXzKjvDXNU6Hs4GWWCGhKBYD 500 5 54442.27971000 60.35331595
64 77035 77022 1635226345 MmSVtzp25G3PRsc2VYvJ1baogPHV2aKSG72 100 5 54542.27971000 12.07066319
65 77258 77245 1635233170 MmbJFjKtJWEL4MiGs5qAokSuvqbzt3LxbZF 1000 5 55542.27971000 120.70663191
66 77700 77687 1635246813 MmdiMnhsqFrzTCHz5gBtW1a31HcH5pmjKrm 2000 5 57542.27971000 241.41326382
67 79112 79099 1635289129 MmdUYVcpbZviqhfmpECjibiahC7D9bhEMpg 53 5 57595.27971000 6.39745149
68 79545 79532 1635301989 MmT9wChLYSjadTkGpXpqVCXrdUk5bdh3MEm 100 5 57695.27971000 12.07066319
69 80177 80164 1635320446 MmTRRA5a137nWC2khc7sxhiVtct5CkFNw3C 998 5 58693.27971000 120.46521865
70 80184 80171 1635320750 MmhBhtMpDLTGGtHVUrbLSTF8Mb5eJSeW43K 3999 5 62692.27971000 482.70582102
71 80190 80177 1635321145 MmT1X5ekNjv683YckV8eLwTohr2KmoFHnw9 600 5 63292.27971000 72.42397914
72 80483 80470 1635330222 MmSaC2ZDSmiyCgtwZz7SMWbeVDHAwoTcBuU 1000 5 64292.27971000 120.70663191
73 80686 80673 1635336425 MmSaC2ZDSmiyCgtwZz7SMWbeVDHAwoTcBuU 1000 5 65292.27971000 120.70663191
74 80991 80978 1635345551 MmheZL6SN8RhzTtLdN4bhK7GXCZCbNmvVyY 10 5 65302.27971000 1.20706631
75 82384 82371 1635387833 MmUuqa23qDSPPUunvd79ZGpGPXhnoLWxoca 1000 5 66302.27971000 120.70663191
76 82576 82563 1635393791 MmNdAwL39BsnL1HJHGoNYHGWFQAgVNVwJNU 9987 5 76289.27971000 1205.49713292
77 82593 82580 1635394208 MmNviYQthctB9tmME78AW2nprJCCpqTptw7 652.2 5 76941.47971000 78.72486533
78 82695 82682 1635397273 MmbEd9eFQjwRrKprKadaUnMMkg3SYA3eAmV 20 5 76961.47971000 2.41413263
79 83739 83726 1635428475 Mma84KVNJ1GH79uswDCyc5rUijzbrErD15q 2500 5 79461.47971000 301.76657978
80 83774 83761 1635429679 MmTJYKQHZjKkiSCYQPVxMKB8dFzTLfivCxQ 25 5 79486.47971000 3.01766579
81 83776 83763 1635429753 MmRovVyMfB5diuUNaLNVZYpH98jkpG574ye 20 5 79506.47971000 2.41413263
82 84069 84056 1635437957 MmSv1BDDfPsixGCntDqKPcMBYZ3qdCoTQzy 999.99 5 80506.46971000 120.70542484
83 84080 84067 1635438423 MmQqwwALVWhzUf8cE1jo82Uhc314Kw3Pdvv 999.99 5 81506.45971000 120.70542484
84 85048 85035 1635467960 MmLXRs8JydQ839KGsJrQuBQCa9eqKVxKbbW 500.0002425 5 82006.45995250 60.35334522
85 85543 85530 1635483362 Mmf6sxKjvFZnwmjvEFw8D5T1Je1PD5L781y 495 5 82501.45995250 59.74978279
86 85698 85685 1635487299 MmiLiuSNEfU1zZjhc3Xnhp9uZwdEMXg5KQK 499 5 83000.45995250 60.23260932
87 85792 85779 1635490726 MmTJYKQHZjKkiSCYQPVxMKB8dFzTLfivCxQ 40 5 83040.45995250 4.82826527
88 85885 85872 1635493315 MmRovVyMfB5diuUNaLNVZYpH98jkpG574ye 7 5 83047.45995250 0.84494642
89 85918 85905 1635494452 MmenZK4YVvXK1qaTZ7JQY7WgQ8CnWLWYSQs 1000 5 84047.45995250 120.70663191
90 85944 85931 1635495443 MmT9wChLYSjadTkGpXpqVCXrdUk5bdh3MEm 400 5 84447.45995250 48.28265276
91 86133 86120 1635500577 Mmbyn3QvdrQZChT2QNbaZQxNFccpToz2inE 1000 5 85447.45995250 120.70663191
92 86273 86260 1635504810 MmPR1ctxF2sVNKQwEcg4xv1A221WN8c8q18 300 5 85747.45995250 36.21198957
93 86338 86325 1635506966 MmMP7qSXAUak3SyzEtALtd7HH9FZzNxi6qZ 2000 5 87747.45995250 241.41326382
94 86497 86484 1635511668 MmgGhzPY9zrdt1DNsf1dEWFyv6veSrVK5D7 943.235 5 88690.69495250 113.85471995
95 86497 86484 1635511748 MmiiH3JnJNmCF4BrazeQdFoR17c9EwodBQY 1000 5 89690.69495250 120.70663191
96 86513 86500 1635512161 MmeFSkDfiY76fqEKmdMjNumPCmxU7q7xQRX 500 5 90190.69495250 60.35331595
97 86564 86551 1635513830 MmfjeaNYhXw41HSCWM4MukFKhfYYhsUe86S 800 5 90990.69495250 96.56530553
98 87888 87875 1635557280 MmdUYVcpbZviqhfmpECjibiahC7D9bhEMpg 500 5 91490.69495250 60.35331595
99 87926 87913 1635560652 MmenZK4YVvXK1qaTZ7JQY7WgQ8CnWLWYSQs 999 5 92489.69495250 120.58592528
100 87961 87948 1635562453 MmYZmCD5WojVusAfFsnBs4SLVQjuJKikoNW 309 5 92798.69495250 37.29834926
101 88232 88219 1635568645 MmVHRG61sCUVbrwXCiTDLP7Npp3LSvBBPjU 299 5 93097.69495250 36.09128294
102 88330 88317 1635571117 MmMP7qSXAUak3SyzEtALtd7HH9FZzNxi6qZ 500 5 93597.69495250 60.35331595
103 88349 88336 1635571805 MmZK62ew7q6LXs8bdrtspTd9z2Dw4mhTs81 123 5 93720.69495250 14.84691572
104 88355 88342 1635572103 MmaXQdHQSMYa1xCgYTvvsvpShbeRP52fz1p 50 5 93770.69495250 6.03533159
105 88635 88622 1635580838 MmefBoxbSgopsKZgzCfPp7JdbfNki3Kx9Q3 300 5 94070.69495250 36.21198957
106 88993 88980 1635591271 MmTA7j1Jvm9eKpLYXocwKvQsJ9BBp2X8a4j 2000 5 96070.69495250 241.41326382
107 89165 89152 1635593412 MmQKu9HbTos6gD4wR2deErWTXdjR55vM3Sp 200 5 96270.69495250 24.14132638
108 89166 89153 1635593440 MmXhimpYtVC62sPEHGEipmRct4WUPJab4rK 200 5 96470.69495250 24.14132638
109 89367 89354 1635600653 MmYZ2kMr3teFLN8JKFrsSPuZN8yyB7brwSB 1000 5 97470.69495250 120.70663191
110 89634 89621 1635608619 MmchK5bsiUcKMjkuiS48fNjEMSFuu4qYhk8 1000 5 98470.69495250 120.70663191
111 90482 90469 1635633859 MmbEd9eFQjwRrKprKadaUnMMkg3SYA3eAmV 40 5 98510.69495250 4.82826527
112 90727 90714 1635641791 Mmef8RgJvePP9JxGcfjfTQJNwXnfDabkgkF 200 5 98710.69495250 24.14132638
113 90785 90772 1635643728 Mmg72YV8bZZDTSs34rC6MCmfarqXTKLkJXx 2 5 98712.69495250 0.24141326
114 90983 90970 1635653393 MmaXQdHQSMYa1xCgYTvvsvpShbeRP52fz1p 5 5 98717.69495250 0.60353315
115 90992 90979 1635653694 MmVYoG5hQ5ANTvSb5y7LpzrXQf2d1e61qQr 500 5 99217.69495250 60.35331595
116 91148 91135 1635657213 MmRoZpTtobGMyGSYd6mckwrou4s9YLbCdDG 51.99 5 99269.68495250 6.27553779
117 91545 91532 1635668896 MmRovVyMfB5diuUNaLNVZYpH98jkpG574ye 30 5 99299.68495250 3.62119895
118 91628 91615 1635671050 MmRQhCtZEgr1dksnbzHrEP2GVHrqhyb92wG 68 5 99367.68495250 8.20805097
119 91654 91641 1635671961 MmTJYKQHZjKkiSCYQPVxMKB8dFzTLfivCxQ 25 5 99392.68495250 3.01766579
120 92035 92022 1635683212 MmZRuWLvoQE8vm9RzEL7UaMKzjeMw3SmWtN 100 5 99492.68495250 12.07066319
121 92486 92473 1635701203 MmdR4wFRXWCRbfAkTaNjk1vYSVLHwmSdhX5 5.99 5 99498.67495250 0.72303272
122 93385 93372 1635726218 MmNCfHzG31GbZDS7abUEkbSt137ofFiVJqm 24 5 99522.67495250 2.89695916
123 93444 93431 1635728039 MmQKu9HbTos6gD4wR2deErWTXdjR55vM3Sp 150 5 99672.67495250 18.10599478
124 93721 93708 1635736532 MmaXQdHQSMYa1xCgYTvvsvpShbeRP52fz1p 100 5 99772.67495250 12.07066319
125 93749 93736 1635737452 MmheZL6SN8RhzTtLdN4bhK7GXCZCbNmvVyY 10 5 99782.67495250 1.20706631
126 93822 93809 1635739848 Mmf6Ez1qWZtnfLjcDKFdom8URzcchgMBcnZ 300 5 100082.67495250 36.21198957
127 93921 93908 1635741995 MmYYBxhPnd6UNrKy7hjHVHjFMLxMPhofKad 1001 5 101083.67495250 120.82733854
128 93996 93983 1635744065 MmXmN6nX5o1FTZ4XXasJ82muY6mipjFrS8c 110 5 101193.67495250 13.27772951
129 94043 94030 1635745715 MmNCXReEaFeMsFdBtrEqKqB1ryk5QLG7kMv 4000 5 105193.67495250 482.82652765
130 94247 94234 1635751758 MmaJ2tfSchbPCks8sGZDnp2fsKhmfNEJQCm 142 5 105335.67495250 17.14034173
131 94311 94298 1635753743 MmZYrC2CKGNaUPFy82gueprG1N59WMprH5A 3000 5 108335.67495250 362.11989574
132 94311 94298 1635753744 MmUkWYis5XQhkKWhZ4uQPF9B8z5aY3vEAyw 500 5 108835.67495250 60.35331595
133 94597 94584 1635761928 MmTcWSYjy6UeZHjR5mvWSLHfoTPvKxDdcQ5 250 5 109085.67495250 30.17665797
134 94694 94681 1635764799 MmRkXg5qgLu2CcjKVLSvEHWY29FmY3iAkAM 199.9 5 109285.57495250 24.12925571
135 94734 94721 1635766068 MmLiUeVuXFi8QB42W5ivcWmGDvEBKtCzikM 64 5 109349.57495250 7.72522444
136 94982 94969 1635773282 MmgQWnwy8GoyCPeAXCKxf85kqa6Ma4fEvEr 1000 5 110349.57495250 120.70663191
137 95010 94997 1635774132 MmQ3RFahCMqY56WuUWRcMtePj9tE4VAPnGC 1000 5 111349.57495250 120.70663191
138 95013 95000 1635774209 MmQKGoz3GPgCEjVJaAiTMa5HEBoRtqEo2Yz 1000 5 112349.57495250 120.70663191
139 95078 95065 1635775980 MmRovVyMfB5diuUNaLNVZYpH98jkpG574ye 30 5 112379.57495250 3.62119895
140 95084 95071 1635776106 MmRovVyMfB5diuUNaLNVZYpH98jkpG574ye 30 5 112409.57495250 3.62119895
141 95201 95188 1635780128 MmLUPq8HMfz8dk9P28dG86SoVXYjLJ8weGu 100 5 112509.57495250 12.07066319
142 96650 96637 1635823715 Mmh5rrz6yT73tggL2oZnNusWwvLhDowg5XL 100 5 112609.57495250 12.07066319
143 96903 96890 1635830414 MmiLiuSNEfU1zZjhc3Xnhp9uZwdEMXg5KQK 251 5 112860.57495250 30.29736461
144 96916 96903 1635830760 MmNSmWkZHzoXTnPgKFe5qvRZjuCS6aXkPaY 100 5 112960.57495250 12.07066319
145 96925 96912 1635831130 MmRovVyMfB5diuUNaLNVZYpH98jkpG574ye 30 5 112990.57495250 3.62119895
146 96983 96970 1635833705 MmazENqv1mU9sy3C3VgKNUiVKAi2ewyZWiE 499.99 5 113490.56495250 60.35210889
147 97968 97955 1635862222 MmchK5bsiUcKMjkuiS48fNjEMSFuu4qYhk8 2000 5 115490.56495250 241.41326382
148 98006 97993 1635863456 Mmdhq6FjRPwqhCs9kmaUqZMmWpHc4Ue9szz 300 5 115790.56495250 36.21198957
149 98446 98433 1635876594 MmKyXQezZsz2MfHfojkJeuxhPKd2Cyy96L6 500 5 116290.56495250 60.35331595
150 99441 99428 1635906703 MmYvVNquDGNv3fiUa6edJda3oFib6TQwWty 485 5 116775.56495250 58.54271647
151 99515 99502 1635908897 MmNFV8WgmxHNCTApT2rWYB5bf9YFMPsgQTr 133 5 116908.56495250 16.05398204
152 99605 99592 1635911938 MmVsfChfXVWULSrZUpH5BrZ76uDuQa9Wn5T 40 5 116948.56495250 4.82826527
153 99963 99950 1635922213 MmXmN6nX5o1FTZ4XXasJ82muY6mipjFrS8c 7 5 116955.56495250 0.84494642
154 100005 99992 1635923639 MmRE1R5jU7u6vFb8CwULBDVrZwM8Mrt3X8T 14 5 116969.56495250 1.68989284
155 100202 100189 1635929579 MmRxoD9f57jDexnzoYXB8wQDZ5BiB2Y5J4e 200 5 117169.56495250 24.14132638
156 100430 100417 1635936408 MmT9wChLYSjadTkGpXpqVCXrdUk5bdh3MEm 56 5 117225.56495250 6.75957138
157 100723 100710 1635945203 MmRovVyMfB5diuUNaLNVZYpH98jkpG574ye 30 5 117255.56495250 3.62119895
158 101070 101057 1635955847 MmcMivpY8AX5gqieDHchQTa5G1qMQr2ZDye 355 5 117610.56495250 42.85085432
159 102382 102369 1636001255 MmiLiuSNEfU1zZjhc3Xnhp9uZwdEMXg5KQK 450 5 118060.56495250 54.31798436
160 102678 102665 1636010714 MmZYrC2CKGNaUPFy82gueprG1N59WMprH5A 3000 5 121060.56495250 362.11989574
161 102683 102670 1636010925 MmRADFuFtL9oGty49b4GopUqri18az7KJ1k 3000 5 124060.56495250 362.11989574
162 102910 102897 1636017629 MmcRuyxwEhepu1BxMqmXGtNwQynWjAfKXHY 400 5 124460.56495250 48.28265276
163 102989 102976 1636020393 MmRkXg5qgLu2CcjKVLSvEHWY29FmY3iAkAM 805 5 125265.56495250 97.16883869
164 103013 103000 1636021132 MmheZL6SN8RhzTtLdN4bhK7GXCZCbNmvVyY 205 5 125470.56495250 24.74485954
165 103148 103135 1636024628 Mmef8RgJvePP9JxGcfjfTQJNwXnfDabkgkF 100 5 125570.56495250 12.07066319
166 103435 103422 1636034147 MmT1X5ekNjv683YckV8eLwTohr2KmoFHnw9 51 5 125621.56495250 6.15603822
167 103554 103541 1636036691 MmPfeotwhUgedX2vCRxYECWKwb7xJJ45AxA 10000 5 135621.56495250 1207.06631914
168 103557 103544 1636036767 MmRovVyMfB5diuUNaLNVZYpH98jkpG574ye 30 5 135651.56495250 3.62119895
169 103565 103552 1636037086 MmTJYKQHZjKkiSCYQPVxMKB8dFzTLfivCxQ 100 5 135751.56495250 12.07066319
170 103598 103585 1636038194 MmdjjVhp5NNfoHmXc9muaywr5FiaswdGfMt 99 5 135850.56495250 11.94995655
171 104837 104824 1636075637 MmYZ2kMr3teFLN8JKFrsSPuZN8yyB7brwSB 800 5 136650.56495250 96.56530553
172 104856 104843 1636076236 MmaHf7YgjMZD5f98iqPrtTQJaenAYU6hU5C 450 5 137100.56495250 54.31798436
173 105178 105165 1636085999 MmSZ8gNwhGK9aBdQf63ByekBeQvtJFBaNZf 99 5 137199.56495250 11.94995655
174 105278 105265 1636088914 MmUFckCtS2zjANB3aA1sEJkzjqvyBrxdSjm 3999 5 141198.56495250 482.70582102
175 105289 105276 1636089120 MmSXTLNDuyNULDhhzb3JoxgJMjDtGSfGjER 1760 5 142958.56495250 212.44367216
176 105958 105945 1636109211 MmgQBFaZbmUxP5KjFYewb6NdWhgdj3nbtn2 2600 5 145558.56495250 313.83724297
177 105969 105956 1636109526 MmgwnFVpwJrf86eQpWB6L3xrVfWfuLREffM 208 5 145766.56495250 25.10697943
178 106002 105989 1636110703 MmYZ2kMr3teFLN8JKFrsSPuZN8yyB7brwSB 200 5 145966.56495250 24.14132638
179 106081 106068 1636113220 MmaQLR8hdA2t4Qi61pKjyg3qfkFdZGKxwbF 1000 5 146966.56495250 120.70663191
180 106141 106128 1636115188 MmaXQdHQSMYa1xCgYTvvsvpShbeRP52fz1p 50 5 147016.56495250 6.03533159
181 106219 106206 1636117719 MmaJ2tfSchbPCks8sGZDnp2fsKhmfNEJQCm 51.816 5 147068.38095250 6.25453483
182 106400 106387 1636122694 MmaJ2tfSchbPCks8sGZDnp2fsKhmfNEJQCm 45.451 5 147113.83195250 5.48623712
183 106781 106768 1636134439 MmgQBFaZbmUxP5KjFYewb6NdWhgdj3nbtn2 4600 5 151713.83195250 555.25050680
184 107526 107513 1636156860 MmgQWnwy8GoyCPeAXCKxf85kqa6Ma4fEvEr 500 5 152213.83195250 60.35331595
185 107529 107516 1636156981 MmaHf7YgjMZD5f98iqPrtTQJaenAYU6hU5C 200 5 152413.83195250 24.14132638
186 108267 108254 1636178445 MmRovVyMfB5diuUNaLNVZYpH98jkpG574ye 40 5 152453.83195250 4.82826527
187 108348 108335 1636181548 MmcsGFC6KgG3JYq41jVQnumtnxy4Ygp2bkk 500 5 152953.83195250 60.35331595
188 108412 108399 1636183723 MmcsGFC6KgG3JYq41jVQnumtnxy4Ygp2bkk 1200 5 154153.83195250 144.84795829
189 108519 108506 1636186195 MmRoZpTtobGMyGSYd6mckwrou4s9YLbCdDG 150 5 154303.83195250 18.10599478
190 108988 108975 1636200997 MmS7bQcM6yDKc5UrynFZcN9RxSPiCZLBiFy 3000 5 157303.83195250 362.11989574
191 108991 108978 1636201192 MmTJYKQHZjKkiSCYQPVxMKB8dFzTLfivCxQ 100 5 157403.83195250 12.07066319
192 109202 109189 1636207411 MmNkqvsAXgRhqZat549yoDzFxeFjYc1AEhE 149 5 157552.83195250 17.98528815
193 110439 110426 1636246761 MmRovVyMfB5diuUNaLNVZYpH98jkpG574ye 50 5 157602.83195250 6.03533159
194 110620 110607 1636255701 MmRrs85KK9bUXHJuc31MgWpVDLiQuYgYvgt 395 5 157997.83195250 47.67911960
195 110815 110802 1636260557 Mmbyn3QvdrQZChT2QNbaZQxNFccpToz2inE 10000 5 167997.83195250 1207.06631914
196 111037 111024 1636267830 Mmah1RLFDExUR6WpSynQZ3VXRJCDtxMUjb4 99 5 168096.83195250 11.94995655
197 111062 111049 1636268348 MmRovVyMfB5diuUNaLNVZYpH98jkpG574ye 50 5 168146.83195250 6.03533159
198 111099 111086 1636269483 MmRrs85KK9bUXHJuc31MgWpVDLiQuYgYvgt 105 5 168251.83195250 12.67419635
199 111605 111592 1636283940 MmTJYKQHZjKkiSCYQPVxMKB8dFzTLfivCxQ 50 5 168301.83195250 6.03533159
200 113402 113389 1636336566 Mmhjd2RwQzbmXzKjvDXNU6Hs4GWWCGhKBYD 150 5 168451.83195250 18.10599478
201 113409 113396 1636336972 Mmb9G5Psxcs587Hq4BgZT3P4ZbTmXQdyQi3 499 5 168950.83195250 60.23260932
202 113836 113823 1636349919 MmY581YdQ5vF9L2gSnLFY5r9gDuv3f1YWrN 6500 5 175450.83195250 784.59310744
203 114059 114046 1636356374 MmTWYAQ71RjaVPJKHXdPb6rgch8vf6RQZir 1000 5 176450.83195250 120.70663191
204 114358 114345 1636364907 Mmbyn3QvdrQZChT2QNbaZQxNFccpToz2inE 10000 5 186450.83195250 1207.06631914
205 114358 114345 1636365065 MmQGopbFdPzpT77efoRCYqPjQbmjnYwnWQc 8501 5 194951.83195250 1026.12707790
206 114509 114496 1636369597 MmffLLdETmskgEqGnMoLT9vSkLXXUiKNsNC 1000 5 195951.83195250 120.70663191
207 114799 114786 1636377511 Mmbyn3QvdrQZChT2QNbaZQxNFccpToz2inE 2000 5 197951.83195250 241.41326382
208 114814 114801 1636377965 MmfvxtLu4JxDSt73L2taDqcPgGTiErCtQcS 1000 5 198951.83195250 120.70663191
209 115045 115032 1636385991 MmUpHHReBVDAhge65JpZ3UiEUGqK7NbHpPW 500 5 199451.83195250 60.35331595
210 115063 115050 1636386491 MmUpHHReBVDAhge65JpZ3UiEUGqK7NbHpPW 500 5 199951.83195250 60.35331595
211 116285 116272 1636423251 MmbWS3CimuWwveKfhToxEMyUdHHjbXgSFvb 500 5 200451.83195250 60.35331595
212 116322 116309 1636424496 MmSwyzLVivsWeirLHaENUaGRsBknmQdBwNT 1500 5 201951.83195250 181.05994787
213 116343 116330 1636425260 MmZZmajEYsm4YxPoHzy5psw1T4o3esy66ok 5000 5 206951.83195250 603.53315957
214 116548 116535 1636431035 MmMsJM5F7AGoG8SM2aNTfJW2zQwE7AFgkbd 999.99 5 207951.82195250 120.70542484
215 116599 116586 1636432553 MmKxvwKiG86cCxZ145TEGQkbnfeXi1G7LPY 999.99 5 208951.81195250 120.70542484
216 117244 117231 1636452221 MmfPRsX5kz6n1dsn7UG18Qjz5sT6JVM4Bzs 3000 5 211951.81195250 362.11989574
217 117280 117267 1636452976 MmdeKjB16Y6Z3A5JyD4CFU3ciVDMk4CXt1J 999.99 5 212951.80195250 120.70542484
218 117391 117378 1636456174 MmT9wChLYSjadTkGpXpqVCXrdUk5bdh3MEm 190 5 213141.80195250 22.93426006
219 117976 117963 1636473999 MmV36o4n3fBSpsAdqL9tZ3i2ZPn3RfJTbhM 5000 5 218141.80195250 603.53315957
220 119230 119217 1636511397 MmUkt5SCLeDKQFYsmD2DHfxed17AYxfMsmw 215.5 5 218357.30195250 26.01227917
221 119308 119295 1636513464 MmLu9DUDSaLT34vA8GCBimPmFHiCn77Ti7k 500 5 218857.30195250 60.35331595
222 119435 119422 1636517900 MmL5sQcDmhnPFEF2disKuEVLtcyM7M8goWb 1000 5 219857.30195250 120.70663191
223 119468 119455 1636518644 MmXRm8PVMyY3hucgaojMp1jjxsGcpBgxj3G 500 5 220357.30195250 60.35331595
224 119668 119655 1636524303 MmN38WFgtWdu57Fq2rEzRkFyiNK6Vebh6kV 500 5 220857.30195250 60.35331595
225 119714 119701 1636525836 MmUPsjLfKK67CNr9BLhczAeF2mY3k8UW5bb 999.999 5 221857.30095250 120.70651120
226 119757 119744 1636527313 MmMKfVnyXoEPoDVhHEHZBf9z5CuXJv4DXAi 2195.62 5 224052.92095250 265.02589516
227 119769 119756 1636527757 MmQbg7r7whS9LqEDWHRrdS4A7irhe5ZqBxj 500 5 224552.92095250 60.35331595
228 119921 119908 1636531952 MmawihkN6wQfWD86sFx9YxG9XUVXS1QBZiP 1500 5 226052.92095250 181.05994787
229 119931 119918 1636532389 MmbQssY1M8xcgJRdXM5pB8CJXJhGLCJh7fk 538 5 226590.92095250 64.94016796
230 119947 119934 1636533118 MmhWjdm7RkUGtUXk8CEkH3KxaDwJs9WWpv8 522.263 5 227113.18395250 63.04060770
231 119971 119958 1636533961 MmcHvz2XcHVDA3x7J8sMQAYUAZ15HgwG9CB 6.7 5 227119.88395250 0.80873443
232 119996 119983 1636534655 MmXrVxonfgmkk3Pidt7GYmjDvv8K6Qq8zTG 1000 5 228119.88395250 120.70663191
233 120009 119996 1636535050 MmQbg7r7whS9LqEDWHRrdS4A7irhe5ZqBxj 300 5 228419.88395250 36.21198957
234 120076 120063 1636537409 MmXydJxND8ZKoJpKpqPSWvh9haiSFxDYq7Y 509 5 228928.88395250 61.43967564
235 120411 120398 1636546217 MmPnWZw83eqTZ3CHkSp2HpDkFC8eRkPVvbd 299.9997 5 229228.88365250 36.21195336
236 120456 120443 1636547724 MmcX8tBV1eGTd1f65NBQtyVD64iycaxaxZX 999 5 230227.88365250 120.58592528
237 120597 120584 1636553094 MmcUdesesq8M5KMNzLdr2h9zFSdbCdC6ruu 500 5 230727.88365250 60.35331595
238 120611 120598 1636553605 MmQ32goTbGZ2rcsDLedu14uuHEt2jiZGPam 500 5 231227.88365250 60.35331595
239 120630 120617 1636554238 MmfD3tKoLSp8jcZuBvhBpv8vxfNEdMbR9Ar 2510 5 233737.88365250 302.97364610
240 120692 120679 1636555989 MmheZL6SN8RhzTtLdN4bhK7GXCZCbNmvVyY 20 5 233757.88365250 2.41413263
241 120858 120845 1636560633 Mma3NmATUbQPPaHedx2bapF7DCTe55e6FoJ 500 5 234257.88365250 60.35331595
242 120926 120913 1636562616 Mma3NmATUbQPPaHedx2bapF7DCTe55e6FoJ 0.8 5 234258.68365250 0.09656530
243 121109 121096 1636567977 MmLZesELg8TPpaM2wTEZiaNcMLa8iPEiyvZ 5000 5 239258.68365250 603.53315957
244 122008 121995 1636595343 MmecoK9v7NB9LSGgcqfMzr9WywRn7scjsfr 1000 5 240258.68365250 120.70663191
245 122098 122085 1636598457 Mmh3xZsFpXr2w5kuy6WQdEyUimQnhqDvHKs 3001 5 243259.68365250 362.24060237
246 122099 122086 1636598468 MmTomM8cApgqLU7GQffep3o63KZsZZ59x2m 4500 5 247759.68365250 543.17984361
247 122107 122094 1636598786 Mmd1URYKeiiSxbu2mkoYepBuRjus1utwbM2 6000 5 253759.68365250 724.23979148
248 122234 122221 1636601863 MmNgiwqNsJA7HFk7yyEiSPvFyVwQrXdM7rG 500 5 254259.68365250 60.35331595
249 122236 122223 1636601893 MmUpHHReBVDAhge65JpZ3UiEUGqK7NbHpPW 1000 5 255259.68365250 120.70663191
250 122297 122284 1636603495 MmXenvnvFdosgJFpHSMyAGFgjdDHEmfniAB 500 5 255759.68365250 60.35331595
251 122306 122293 1636603813 MmWzfR1byJrgKQsuZBF3Qt52PkNhQaS4WdM 3000 5 258759.68365250 362.11989574
252 122308 122295 1636603960 MmVyadFoDx877cP7QbPQwjQAYXem7vrX9rF 500 5 259259.68365250 60.35331595
253 122431 122418 1636608149 MmYvJjcqFYV8yvJYQdaLeaQSP3CSWgkpaGr 503 5 259762.68365250 60.71543585
254 122452 122439 1636609057 MmVqiCvnrYTTAB5AmLYaLGq58C6v7S798J2 1500 5 261262.68365250 181.05994787
255 122473 122460 1636609702 Mmf59mjLdrTwe4nAxtoyyKsyg8feQ54koys 999.99 5 262262.67365250 120.70542484
256 122481 122468 1636610001 MmbyzgUMHJeiHfhgUWpghdKpUDb7DkyXRqt 500 5 262762.67365250 60.35331595
257 122518 122505 1636610896 Mmdy6N5oX87BwqwukYXMtvJfadvdSD5XU4n 1000 5 263762.67365250 120.70663191
258 122564 122551 1636611941 MmTWbx137Pa5W1GhZYYZhnLJTrL5XUji3Uf 500.5 5 264263.17365250 60.41366927
259 122617 122604 1636613298 Mmd66KYj7PgEvjwtySSNPP8ku9eTWy6RoPw 500 5 264763.17365250 60.35331595
260 122632 122619 1636613966 Mmhn8B2neJg5ncSaXgTDy8kjn1ZzXt2jx7P 500 5 265263.17365250 60.35331595
261 122645 122632 1636614348 MmhEBzQLCqZ2Z2HZVJ4BJUrLPPJVoApXATw 500 5 265763.17365250 60.35331595
262 122697 122684 1636615498 MmRRTZXSukttvTgevtpkRLsXmPdEXTo9Xrx 579 5 266342.17365250 69.88913987
263 122735 122722 1636616737 MmgsY7QYpNYjp7wz3g1ViUQ4FsM1XbLMpYA 1000 5 267342.17365250 120.70663191
264 122769 122756 1636618119 MmUoK7TCKdzfZLNGZggxaMhDdhuDs4w6Gdf 500 5 267842.17365250 60.35331595
265 122919 122906 1636622099 MmZYrC2CKGNaUPFy82gueprG1N59WMprH5A 2000 5 269842.17365250 241.41326382
266 122921 122908 1636622144 MmMNU4HgUKoydvnzDH2JqyHr2WPYj9iCcVw 500.5 5 270342.67365250 60.41366927
267 122957 122944 1636623078 MmXiUWVkmbeh2QBjsHZHqNAfh29d7efs3qN 700 5 271042.67365250 84.49464233
268 123021 123008 1636625474 MmisiZEqQd6Vwic7uoZEjRr3jZghCF44bkp 2000 5 273042.67365250 241.41326382
269 123028 123015 1636625729 MmSBoy37jGkkMTE1sk7L9KfVqrFm8khf71W 200 5 273242.67365250 24.14132638
270 123045 123032 1636626229 MmbyzgUMHJeiHfhgUWpghdKpUDb7DkyXRqt 9000 5 282242.67365250 1086.35968722
271 123050 123037 1636626633 MmLepPCkiHdA99JXaH8vwt3zRcjxUTaCWbU 503.99 5 282746.66365250 60.83493541
272 123050 123037 1636626634 MmT51Yb2osyoRgn9r3YRxRJvEByzD2k9Neg 535 5 283281.66365250 64.57804807
273 123057 123044 1636626811 MmTomM8cApgqLU7GQffep3o63KZsZZ59x2m 500 5 283781.66365250 60.35331595
274 123102 123089 1636628352 MmfmKVXNeGyDXdcPFctCaTP8YWGmeLdfAQg 2000 5 285781.66365250 241.41326382
275 123179 123166 1636630769 MmWgKrQS1gWPempAVfqBZpUwxCkPF4jsEps 502.933 5 286284.59665250 60.70734850
276 123244 123231 1636632692 MmQKu9HbTos6gD4wR2deErWTXdjR55vM3Sp 150 5 286434.59665250 18.10599478
277 123244 123231 1636632775 MmcnmbvX441EdLhxD9SjMnXvhrfJJt1Bx4L 420 5 286854.59665250 50.69678540
278 123300 123287 1636634252 MmYYBxhPnd6UNrKy7hjHVHjFMLxMPhofKad 1000 5 287854.59665250 120.70663191
279 123496 123483 1636639731 MmVQeurhZakXzD3V8RkDFx22cUG96QXbjcC 499.99 5 288354.58665250 60.35210889
280 123636 123623 1636644126 MmPVnee3txzJ4sjoJGv7JMpbYyoUsMi91zz 500 5 288854.58665250 60.35331595
281 123643 123630 1636644346 MmiTMKzVyjokcpfoCfL1w6JBB2xnPuro8f7 530 5 289384.58665250 63.97451491
282 124369 124356 1636666276 MmNCXReEaFeMsFdBtrEqKqB1ryk5QLG7kMv 1000 5 290384.58665250 120.70663191
283 124536 124523 1636671224 MmZrBPaf499rqQgb4JrhkRBbf9jW71e3Bae 1505 5 291889.58665250 181.66348103
284 124643 124630 1636675430 MmTBXbZ9yTXe9ETRsG2xfyk5NAAabtAWSbR 1500 5 293389.58665250 181.05994787
285 124711 124698 1636677152 MmPwWyQHhvZt2FwrVTZnP2DzXJfuc5cWgBf 520 5 293909.58665250 62.76744859
286 124752 124739 1636678102 MmirHbFavawQs7JX97bYA687TQ2xkLpfbbX 1001 5 294910.58665250 120.82733854
287 124756 124743 1636678199 Mma84KVNJ1GH79uswDCyc5rUijzbrErD15q 1800 5 296710.58665250 217.27193744
288 124917 124904 1636682539 MmQ3RFahCMqY56WuUWRcMtePj9tE4VAPnGC 300 5 297010.58665250 36.21198957
289 124958 124945 1636683788 MmSTPCGi7iN7BkrosR6AeRkmYauJrs7QhpL 508 5 297518.58665250 61.31896901
290 125009 124996 1636685570 MmMM5EM6Yj6HnHPtwmmBDfeoCmcHu7aKktu 504 5 298022.58665250 60.83614248
291 125065 125052 1636687218 MmQ32goTbGZ2rcsDLedu14uuHEt2jiZGPam 501 5 298523.58665250 60.47402258
292 125068 125055 1636687406 MmMkYPcY5uvXYoK64Bma4mWXXBzGwkz8NJh 500 5 299023.58665250 60.35331595
293 125074 125061 1636687623 MmXrVxonfgmkk3Pidt7GYmjDvv8K6Qq8zTG 2000 5 301023.58665250 241.41326382
294 125083 125070 1636687976 MmfvxtLu4JxDSt73L2taDqcPgGTiErCtQcS 500 5 301523.58665250 60.35331595
295 125095 125082 1636688212 MmYcg229AEtNdHB5BVpvvowkH6E4T2Cpmdh 500 5 302023.58665250 60.35331595
296 125189 125176 1636690953 MmRzJpp6sZxp847Du13zLtPuNa4jQNA7yrs 500 5 302523.58665250 60.35331595
297 125189 125176 1636690955 MmXddTb6huKpMqpmiKXPdDXoERu1nT5YpZB 1000 5 303523.58665250 120.70663191
298 125197 125184 1636691083 MmfvxtLu4JxDSt73L2taDqcPgGTiErCtQcS 500 5 304023.58665250 60.35331595
299 125210 125197 1636691496 Mmfkn88tcrg7WPdjrTJqciv5AUHZfCEVLmC 500 5 304523.58665250 60.35331595
300 125222 125209 1636691861 MmbU61K9Ug4dRsASHygtWj3JW3rmbGLyDuY 80 5 304603.58665250 9.65653055
301 125256 125243 1636692941 MmTA7j1Jvm9eKpLYXocwKvQsJ9BBp2X8a4j 75 5 304678.58665250 9.05299739
302 125260 125247 1636693148 MmSiDeYRp5JDkWPFUqATUNVAdM1NrWj6Kyg 89.91 5 304768.49665250 10.85273327
303 125270 125257 1636693593 MmLaZiwRNbu5SfXYgmHDCJ8SJ8pGPxRMMQY 500 5 305268.49665250 60.35331595
304 125285 125272 1636694046 MmffLLdETmskgEqGnMoLT9vSkLXXUiKNsNC 500 5 305768.49665250 60.35331595
305 125290 125277 1636694256 MmRM4HV7enwP695pwXL3p7fxb4p428RJHeQ 2000 5 307768.49665250 241.41326382
306 125290 125277 1636694267 MmffLLdETmskgEqGnMoLT9vSkLXXUiKNsNC 500 5 308268.49665250 60.35331595
307 125291 125278 1636694315 MmZK62ew7q6LXs8bdrtspTd9z2Dw4mhTs81 180 5 308448.49665250 21.72719374
308 125367 125354 1636696782 MmYS3Mwa6bn7Y9E7gscYQX1JKfHMacNM3Dx 500 5 308948.49665250 60.35331595
309 125412 125399 1636698159 Mmd6TXvV5HYrJuw2C7drbGHCjtaDtxLFcnL 500 5 309448.49665250 60.35331595
310 125440 125427 1636698924 MmUysz5uDCGosVq6MVo9r8fyWFqXD6UgQQ1 1500 5 310948.49665250 181.05994787
311 125459 125446 1636699379 MmUL2XJhrvCpspaU1wzdd2NiQGiDvZCFEg7 500 5 311448.49665250 60.35331595
312 125489 125476 1636700067 MmdTJ2MuCr6c7V7RiHATbmXJuj23i7whEeR 516.8 5 311965.29665250 62.38118737
313 125507 125494 1636700563 MmRh5FvrsReQ2uLhsnoG7o7j6UM5vRpaVdS 501 5 312466.29665250 60.47402258
314 125514 125501 1636700688 MmT9RwcZowYVZECPrPP5q3gfTmTJhjFVbXi 501 5 312967.29665250 60.47402258
315 125597 125584 1636703052 MmSwyzLVivsWeirLHaENUaGRsBknmQdBwNT 500 5 313467.29665250 60.35331595
316 125613 125600 1636703371 MmVsEjzaA5UawT8fJwQcrNP6Ge4udbbn4B6 500 5 313967.29665250 60.35331595
317 125624 125611 1636703662 MmXHbwV4PVRhnfPYA2Zqa4af7MJsZH3HuuK 500 5 314467.29665250 60.35331595
318 125678 125665 1636705258 MmNRaizQvV9pgP8pBaKo9ZbUhmNFRMBYYHq 500 5 314967.29665250 60.35331595
319 125687 125674 1636705565 MmQJL9GxtBeNY5WNxjpWH3C5zLDX83p1S5e 501 5 315468.29665250 60.47402258
320 125702 125689 1636706178 MmisiZEqQd6Vwic7uoZEjRr3jZghCF44bkp 500 5 315968.29665250 60.35331595
321 125770 125757 1636708260 MmbqCrqt2kZCM3j1ax1Fp15N6sH7HbG3Dtj 500 5 316468.29665250 60.35331595
322 125770 125757 1636708268 MmiAZpXeVFKjnYMd9EUoah5vbrrCgSF4WZ5 502 5 316970.29665250 60.59472922
323 125778 125765 1636708500 MmSwyzLVivsWeirLHaENUaGRsBknmQdBwNT 500 5 317470.29665250 60.35331595
324 125784 125771 1636708794 MmYAUhu9fTFsoSyvUUWQNikPWcn4u1B9dmi 500 5 317970.29665250 60.35331595
325 125798 125785 1636709216 MmNRaizQvV9pgP8pBaKo9ZbUhmNFRMBYYHq 500.2 5 318470.49665250 60.37745728
326 125817 125804 1636709799 MmiAZpXeVFKjnYMd9EUoah5vbrrCgSF4WZ5 503 5 318973.49665250 60.71543585
327 125838 125825 1636710504 MmLMvCvoHX7mHWzbe8otvzqtsaw9a1dnMJK 499.99 5 319473.48665250 60.35210889
328 125843 125830 1636710752 MmNRaizQvV9pgP8pBaKo9ZbUhmNFRMBYYHq 501 5 319974.48665250 60.47402258
329 125854 125841 1636710978 Mmfkn88tcrg7WPdjrTJqciv5AUHZfCEVLmC 500 5 320474.48665250 60.35331595
330 125860 125847 1636711185 MmiAZpXeVFKjnYMd9EUoah5vbrrCgSF4WZ5 503 5 320977.48665250 60.71543585
331 125898 125885 1636712572 MmbKEodDWxS3JRUoiY1KLUiSJdRtuYaS9M3 501 5 321478.48665250 60.47402258
332 125903 125890 1636712675 Mmhfh1B5wuPwP92as41oWckQwL8gvzZZNWD 500 5 321978.48665250 60.35331595
333 125947 125934 1636713854 MmbQssY1M8xcgJRdXM5pB8CJXJhGLCJh7fk 530 5 322508.48665250 63.97451491
334 125990 125977 1636714911 MmYoGFjrcf4iULoCGbv5JSSBiGnqdo6ztaL 1000 5 323508.48665250 120.70663191
335 126000 125987 1636715195 MmYoGFjrcf4iULoCGbv5JSSBiGnqdo6ztaL 1 5 323509.48665250 0.12070663
336 126049 126036 1636716496 MmPtTJiQMYZm6nWYbr2CjTt6roxAm6BJ6rn 500 5 324009.48665250 60.35331595
337 126059 126046 1636716870 MmdiMnhsqFrzTCHz5gBtW1a31HcH5pmjKrm 10 5 324019.48665250 1.20706631
338 126077 126064 1636717289 MmM1FJwHkJ4EyyL4trT5GgBNLqohPf9p3dv 98 5 324117.48665250 11.82924992
339 126080 126067 1636717409 MmaktFeNC9wybbwHo3HN8UkZ7RbkytUgzhU 500 5 324617.48665250 60.35331595
340 126098 126085 1636717913 MmM1FJwHkJ4EyyL4trT5GgBNLqohPf9p3dv 1900 5 326517.48665250 229.34260063
341 126099 126086 1636717944 MmLGyr47NpyHpAE4BK1FSeBWMQDPRrsgEVy 500 5 327017.48665250 60.35331595
342 126106 126093 1636718134 MmfBSxK6o4hzTXArtvtfwURvLkcEL2mdEDx 501 5 327518.48665250 60.47402258
343 126157 126144 1636720087 MmLeyGcbFXJvdFjjeEQxirgGmMenuhL2afW 504 5 328022.48665250 60.83614248
344 126199 126186 1636721342 MmaJ2tfSchbPCks8sGZDnp2fsKhmfNEJQCm 33.9 5 328056.38665250 4.09195482
345 126209 126196 1636721555 MmaJ2tfSchbPCks8sGZDnp2fsKhmfNEJQCm 0.002 5 328056.38865250 0.00024141
346 126225 126212 1636721977 MmUrZSLbJtzu2iEgHFMNiGBrpp4fS9TWw5Q 500 5 328556.38865250 60.35331595
347 126253 126240 1636722724 MmSrnTgQBJoWA6BseYFkuvsGJuWCQP2w8mi 155 5 328711.38865250 18.70952794
348 126267 126254 1636723305 MmQzua4Wxa6y1yjwfXdCeFhgZccCjJDuycj 501 5 329212.38865250 60.47402258
349 126316 126303 1636724961 MmLCqYR6uFR9f9jrdocBAFW1gZkUg1czUjC 5001 5 334213.38865250 603.65386620
350 126390 126377 1636726859 MmSrnTgQBJoWA6BseYFkuvsGJuWCQP2w8mi 4601 5 338814.38865250 555.37121343
351 126401 126388 1636727370 MmZQ71YQ1jJLuPBDuwnC5p1qAtzNqaS2zQm 500 5 339314.38865250 60.35331595
352 126473 126460 1636729268 MmUrXcCprFumxW3J6E6bRL25DbAtQkLBoXp 500 5 339814.38865250 60.35331595
353 126485 126472 1636729585 Mme5ZnNHzE9GVji2td6Y5x5exPkVDHLYb2Q 501 5 340315.38865250 60.47402258
354 126629 126616 1636734263 MmWQbA5rH3623C1gu5492nctdtxKdG7de1j 500 5 340815.38865250 60.35331595
355 127165 127152 1636749967 MmQmXr8ke7nHRrpXmeUsGpMHxoC6fmuz4Qz 150.5 5 340965.88865250 18.16634810
356 127570 127557 1636762836 MmZku2BAYP77uKj63Gms2qdEfeffx8TW5g4 500 5 341465.88865250 60.35331595
357 127577 127564 1636763029 MmZku2BAYP77uKj63Gms2qdEfeffx8TW5g4 500 5 341965.88865250 60.35331595
358 127577 127564 1636763035 MmMQFx2kv4PwRovX1uuQWd4cj9CKe3DcUfC 500.5 5 342466.38865250 60.41366927
359 127580 127567 1636763110 MmZku2BAYP77uKj63Gms2qdEfeffx8TW5g4 500 5 342966.38865250 60.35331595
360 127582 127569 1636763238 MmZku2BAYP77uKj63Gms2qdEfeffx8TW5g4 500 5 343466.38865250 60.35331595
361 127714 127701 1636766690 MmecJbb7kuyfrBqMiU5ReLbNAT5VmSs4Ma3 500 5 343966.38865250 60.35331595
362 127733 127720 1636767192 MmfHCY3T95h8C91kHNekABzh2gBMZVgBNzS 500 5 344466.38865250 60.35331595
363 127743 127730 1636767347 MmceZEC9YZyEkwe6WVX1s3JCEdYPaohGRLZ 514.99 5 344981.37865250 62.16270836
364 127743 127730 1636767356 MmUrXcCprFumxW3J6E6bRL25DbAtQkLBoXp 500 5 345481.37865250 60.35331595
365 127915 127902 1636772970 MmVF3vpnLCnU3wf4ZxyNXjYxCM2PKW9RvHH 500 5 345981.37865250 60.35331595
366 128071 128058 1636777859 MmXCK83x7XjmrsUEH4P3HL5WbgqvZe2z6Qm 500 5 346481.37865250 60.35331595
367 128082 128069 1636778277 Mmet4yK7mcjgxSauQN9cwvuYQJsVAJ2dkJb 100 5 346581.37865250 12.07066319
368 128198 128185 1636781781 MmNkqvsAXgRhqZat549yoDzFxeFjYc1AEhE 121 5 346702.37865250 14.60550246
369 128274 128261 1636783565 MmX9RxuGeZmXFv2R3uGa4SUupEdry9NAJmF 501 5 347203.37865250 60.47402258
370 128280 128267 1636783778 MmYcN6FMgd3GkmhkUaC3DcNoM8jDFGPajpb 501 5 347704.37865250 60.47402258
371 128351 128338 1636785517 MmLH1F6S3iNPwE12mhNRqcoHGxYiiWstD9d 1000 5 348704.37865250 120.70663191
372 128353 128340 1636785570 MmTozyfUgYx61EqJkfwPzoe92SPs4uQ5F2a 522 5 349226.37865250 63.00886185
373 128453 128440 1636788999 MmXiUWVkmbeh2QBjsHZHqNAfh29d7efs3qN 41 5 349267.37865250 4.94897190
374 128525 128512 1636791480 MmiZtXmUGTouVLWD4k1p5keWBzkRey9G9h7 507 5 349774.37865250 61.19826238
375 128543 128530 1636792068 Mmfadc6NLfChUxpPn8YfdgJ1CQ676C8u4TJ 1000 5 350774.37865250 120.70663191
376 128556 128543 1636792489 MmbQssY1M8xcgJRdXM5pB8CJXJhGLCJh7fk 479 5 351253.37865250 57.81847668
377 128575 128562 1636792989 MmLephTaokmymR9ug7eH5JohRdNw4uXiie6 501 5 351754.37865250 60.47402258
378 128575 128562 1636793024 MmgryJ1hy4zFpsA74XC6xD9zv5RUZbfhRMP 2500 5 354254.37865250 301.76657978
379 128596 128583 1636793760 MmZz6WKMvChUwNdNrgNAbXKAoLsEtmcoo6s 500 5 354754.37865250 60.35331595
380 128608 128595 1636793971 MmbTYJiBHyo1UWEvSfGfrtjx48qeg7pX5q4 500 5 355254.37865250 60.35331595
381 128615 128602 1636794254 MmhczbvAAGh9NkQt95XgaUtVSjCYjUGURv3 160 5 355414.37865250 19.31306110
382 128630 128617 1636794629 Mmec6iCP5Rq9zyecgRXdfczsDymEtmWVtCF 3000 5 358414.37865250 362.11989574
383 128772 128759 1636798645 MmbwSpTYqGhVXcQ4LxKeKiy36M4yU329msC 500 5 358914.37865250 60.35331595
384 128810 128797 1636799948 MmRdV7ikUvP2hJQicvaG5jFgFMDv2PbCVer 1000 5 359914.37865250 120.70663191
385 128853 128840 1636801664 MmgffqJPyidPqn7FcMt6U4ckPnH8EPrnWmz 814 5 360728.37865250 98.25519837
386 128929 128916 1636803974 MmRDnoBFpGV6cH1TyJetvVwxqDfpoas2uFD 500 5 361228.37865250 60.35331595
387 128932 128919 1636804031 MmNdqgz9sSvzTJW3rivGnwkiiBXW2bCocrP 2500 5 363728.37865250 301.76657978
388 129115 129102 1636809167 Mmgjobeaoa6vajrwUkA7SsRfe5QZCEpJWJG 40 5 363768.37865250 4.82826527
389 129116 129103 1636809206 MmcyTd2iKBCkVvMtkbjJX6XYRwYsSqt4Uxc 1000 5 364768.37865250 120.70663191
390 129176 129163 1636810735 MmhbU4qoj3tabg7XkENevyrFxqCmZPLF9Cc 500 5 365268.37865250 60.35331595
391 129316 129303 1636814776 MmebVVW9FsvRL8sXeJLkrFT7DTTvtY3MUfU 500 5 365768.37865250 60.35331595
392 129422 129409 1636818720 MmZnwi43753ak756s2dbDwdDKsmkQXACxSm 502 5 366270.37865250 60.59472922
393 129462 129449 1636820154 MmVPkifZSfTjdaogATjyNGUhzCBh7T4RYgQ 500.8 5 366771.17865250 60.44988126
394 130272 130259 1636844170 MmV2ykGWgvhFP9hJANLQ78on9KEmXqqTyQo 501 5 367272.17865250 60.47402258
395 130433 130420 1636848708 MmNsLqY1VXq6Z14GnAc55isnZoGE5XRJaYZ 502 5 367774.17865250 60.59472922
396 130562 130549 1636852887 Mmc82hjURu1ZNG9LLDYdug6p3EJdDug2GXf 1000 5 368774.17865250 120.70663191
397 130650 130637 1636855430 MmgsY7WVihvTQuyWqnR1Cxy1mHSTrhPwKua 2000 5 370774.17865250 241.41326382
398 130670 130657 1636856229 MmQ6X7zD4EWAs4oy9o7crhDs1g7kra3gJkj 500.199 5 371274.37765250 60.37733657
399 130830 130817 1636860781 MmdpvqtMoJSd3PMqbGc2pbCDaum5KrTRRnr 500 5 371774.37765250 60.35331595
400 130867 130854 1636861554 MmNsfDAqVw5gYxR3f1M7HTsxaePjsKomggT 507 5 372281.37765250 61.19826238
401 130872 130859 1636861772 MmLf5X1zzjnMGWYMnRgq42RYRfNqPEBbak6 500 5 372781.37765250 60.35331595
402 130934 130921 1636863528 MmMsJM5F7AGoG8SM2aNTfJW2zQwE7AFgkbd 505 5 373286.37765250 60.95684911
403 130973 130960 1636864730 MmW9LcEADAhobcz29cjGjT4T2ZHmHvPZ5ow 500 5 373786.37765250 60.35331595
404 131022 131009 1636866377 MmZ8SCnbxD48wNoV5b26ZoZ9dmhfucSr1rL 500.5 5 374286.87765250 60.41366927
405 131052 131039 1636867422 MmhNrwjJFz7PkUra5H86aUsjSrWNbAFBs3K 500 5 374786.87765250 60.35331595
406 131055 131042 1636867498 MmPzhyFbmWPDzgA5DcTkq7CGdwcFgTzQyiM 500.5 5 375287.37765250 60.41366927
407 131089 131076 1636868588 MmZzdoNCqASxTiUeJrwxDuHpeSnzmusWLZK 500.05 5 375787.42765250 60.35935128
408 131160 131147 1636870578 MmbBqjdF3rQRUDZ1rW6qyb8Dcx7pf21uMxJ 500 5 376287.42765250 60.35331595
409 131170 131157 1636870850 MmfJNMM53dsoKBwJvgCQGpmnB3vmXDCSY2G 500.99 5 376788.41765250 60.47281552
410 131213 131200 1636872074 MmiejEFXpdwibqSW8KApUByeGnSx6HxqAiT 500 5 377288.41765250 60.35331595
411 131246 131233 1636873396 Mmfbsc3sT6bWwJVU4vTcSQiKPQRS2LHvVFm 500 5 377788.41765250 60.35331595
412 131310 131297 1636875097 Mmfkn88tcrg7WPdjrTJqciv5AUHZfCEVLmC 2000 5 379788.41765250 241.41326382
413 131453 131440 1636879422 MmdCfVYeuGLjStKW16vE6ryoY2qd4mdBp1K 503.4 5 380291.81765250 60.76371850
414 131497 131484 1636880688 MmNPgMZKZqGSNQ4saEHdHjD4KQQoBXCSMPh 506 5 380797.81765250 61.07755574
415 131601 131588 1636883923 Mmarz5seAPQmz1FStZK5pNPPTUYv5VxxY8F 1.02 5 380798.83765250 0.12312076
416 131638 131625 1636884990 MmZouJRJSTZYnWEtsBUijzkP6f7D5FkSSrs 507 5 381305.83765250 61.19826238
417 131674 131661 1636885882 MmeifGLJyScNx5CLxftWJzJ1WVKS7XDTPYe 505 5 381810.83765250 60.95684911
418 131693 131680 1636886438 MmUkmv7H32mCBa8aPDZZfSGEYQawjAi9KxS 506 5 382316.83765250 61.07755574
419 131716 131703 1636887142 MmThZehk5rjbCmt5VWmBmA5QnQo1W419Kfj 388 5 382704.83765250 46.83417318
420 131870 131857 1636892086 MmVHPgTjvRHsHzj4zbSmrcDd1h89GFXBFkD 50 5 382754.83765250 6.03533159
421 131920 131907 1636893641 MmdUYVcpbZviqhfmpECjibiahC7D9bhEMpg 1000 5 383754.83765250 120.70663191
422 132020 132007 1636896641 MmRC3szH2gsZATebpiw9TVPuoWMMJFG3UKh 501 5 384255.83765250 60.47402258
423 132057 132044 1636897690 MmiFN1oH8urXTencsxWPLCLAAYHTndTczzg 5000 5 389255.83765250 603.53315957
424 132092 132079 1636898527 MmWsDVQRAL3ooKB1yJwyvuMNvxNvYiFMMNu 500 5 389755.83765250 60.35331595
425 132217 132204 1636902239 MmTj8G6QyrAJhunACnLJAz1XQahwLYHyuvN 501.77 5 390257.60765250 60.56696669
426 132229 132216 1636902599 MmLYRMBvFyAoyrgVnFy2VqGbXToErqGSofY 508 5 390765.60765250 61.31896901
427 132272 132259 1636904120 MmdorKZ3AyK5RRAvMBPansDFozkayV1Q1vg 502 5 391267.60765250 60.59472922
428 132277 132264 1636904307 MmdorKZ3AyK5RRAvMBPansDFozkayV1Q1vg 501 5 391768.60765250 60.47402258
429 132282 132269 1636904448 MmdorKZ3AyK5RRAvMBPansDFozkayV1Q1vg 500 5 392268.60765250 60.35331595
430 132354 132341 1636906349 MmZKUSnb4oGQALYNkfC4buKYRvKXXpWC8Qp 501 5 392769.60765250 60.47402258
431 132359 132346 1636906775 MmX5sTQABQa7g7PzpHzt51ddnE1bK9D1W1H 500 5 393269.60765250 60.35331595
432 132585 132572 1636913343 MmdorKZ3AyK5RRAvMBPansDFozkayV1Q1vg 504 5 393773.60765250 60.83614248
433 132589 132576 1636913499 MmdorKZ3AyK5RRAvMBPansDFozkayV1Q1vg 505 5 394278.60765250 60.95684911
434 132767 132754 1636918527 MmdorKZ3AyK5RRAvMBPansDFozkayV1Q1vg 506 5 394784.60765250 61.07755574
435 132770 132757 1636918679 MmdorKZ3AyK5RRAvMBPansDFozkayV1Q1vg 507 5 395291.60765250 61.19826238
436 132919 132906 1636923677 MmRCAnujmXeDDPigy8F5S1bJfdKA5mGJNP1 500 5 395791.60765250 60.35331595
437 132927 132914 1636923941 MmRCAnujmXeDDPigy8F5S1bJfdKA5mGJNP1 1 5 395792.60765250 0.12070663
438 132957 132944 1636924721 MmRCAnujmXeDDPigy8F5S1bJfdKA5mGJNP1 0.9 5 395793.50765250 0.10863596
439 133323 133310 1636935195 MmRvDJYpk6Fn8oJQtCGss8v7VgZSF5WrRyp 503.99 5 396297.49765250 60.83493541
440 136788 136774 1636937594 MmfYfTEyYmpei7PGvqQ8SuzfEPQNpvHAc7T 503 5 396800.49765250 60.71543585
441 136578 136564 1636937594 MmazKP7wDSNYq28VdSyRe6AphUZpphcuhZz 1000 5 397800.49765250 120.70663191
442 136791 136777 1636937594 MmVka7EtUVq8u8wNqmBor4nBui7SpAUk9Gt 1000 5 398800.49765250 120.70663191
443 136935 136921 1636937594 MmcnGxwdTVZ7r5id3AejGiRMH4KXUVeMy7P 3000 5 401800.49765250 362.11989574
444 137925 137911 1636937594 Mmitkm7jdxmKiD7zx26UzPbavtR1pdC4KDN 500 5 402300.49765250 60.35331595
445 137432 137418 1636937594 Mmb4cn9kN3QMGBZRZ86GG8Nce8YRFr9XLbX 500.2 5 402800.69765250 60.37745728
446 136809 136795 1636937594 MmirTBstzGHGBqk8VrACTcNbmGojiwxfNJk 499.999 5 403300.69665250 60.35319525
447 137585 137571 1636937594 MmNHWpf81ESPKnXZqRT89nhDaxZVLMa7ZYE 511.4 5 403812.09665250 61.72937156
448 137087 137073 1636937594 MmNYhyTASd3ozVxACfi59v2eax6LTdCguQc 528.86 5 404340.95665250 63.83690935
449 137097 137083 1636937594 MmY41GffRytxtGhtDibBAUd9qk9q9YPcFHg 2000 5 406340.95665250 241.41326382
450 136691 136677 1636937594 MmVpLVQZPHcge8LyZyRtNeL5Q3HCAaxNvtp 400 5 406740.95665250 48.28265276
451 137522 137508 1636937594 MmRrBTqPgvtPYYNHpPXKXUBumo4qSENYA7E 30.02 5 406770.97665250 3.62361309
452 136770 136756 1636937594 MmN3naE5eGGaveXQxvgWs3mnwDvSegyUeey 501 5 407271.97665250 60.47402258
453 137754 137740 1636937594 Mma84KVNJ1GH79uswDCyc5rUijzbrErD15q 185 5 407456.97665250 22.33072690
454 138879 138865 1636937594 Mmc2dxFZF9pXh5gWTVsEKE8YzDspErWmc6j 19 5 407475.97665250 2.29342600
455 137132 137118 1636937594 MmbEEDc4pvSD4oUBWVYFHKmpxhC9fcmWXs6 300 5 407775.97665250 36.21198957
456 137380 137366 1636937594 MmZXzRtP3VhJ97gCSF9pDqyURRtmsaLvDUT 501 5 408276.97665250 60.47402258
457 136821 136807 1636937594 MmN3naE5eGGaveXQxvgWs3mnwDvSegyUeey 500 5 408776.97665250 60.35331595
458 137263 137249 1636937594 MmXqW5acePJfsKHmp8Coohmq2N7GUAZsGFX 100 5 408876.97665250 12.07066319
459 145687 145671 1636937594 MmP2SDVc224LWdykyPqeMg4xdMZv82CnN4C 499.5 5 409376.47665250 60.29296264
460 136816 136802 1636937594 MmVka7EtUVq8u8wNqmBor4nBui7SpAUk9Gt 1000 5 410376.47665250 120.70663191
461 133401 133388 1636937905 Mmh9P83PT1NYdfT4Dp8gTRQu79zHbeKrQTS 516 5 410892.47665250 62.28462206
462 133452 133439 1636939537 MmYRMupDKH5RGuyc2GPXxis1Vp9HuvKfUDT 512 5 411404.47665250 61.80179553
463 133490 133477 1636940335 Mmay2gxPk4TPPKUN913VSKgkDuKQgsqSPfw 501.19 5 411905.66665250 60.49695684
464 133528 133515 1636941377 MmPLTR1gSP7ER8f52WriD1sTQMULLf9PnHU 501 5 412406.66665250 60.47402258
465 133561 133548 1636942945 MmRADFuFtL9oGty49b4GopUqri18az7KJ1k 1500 5 413906.66665250 181.05994787
466 133566 133553 1636943046 MmdjjVhp5NNfoHmXc9muaywr5FiaswdGfMt 1000 5 414906.66665250 120.70663191
467 133603 133590 1636944464 MmNRaizQvV9pgP8pBaKo9ZbUhmNFRMBYYHq 500.3 5 415406.96665250 60.38952794
468 133618 133605 1636945028 MmVHPgTjvRHsHzj4zbSmrcDd1h89GFXBFkD 450 5 415856.96665250 54.31798436
469 133634 133621 1636945370 MmNRaizQvV9pgP8pBaKo9ZbUhmNFRMBYYHq 500.4 5 416357.36665250 60.40159860
470 133645 133632 1636945666 MmeC1cvygxTnaYScQ4yx7HMxtu8p8cbtohG 500 5 416857.36665250 60.35331595
471 133647 133634 1636945701 MmSeJBhxxUcE85LDWt79QCVu5FNM8Y1bnjP 514 5 417371.36665250 62.04320880
472 133662 133649 1636945998 MmYAUhu9fTFsoSyvUUWQNikPWcn4u1B9dmi 500 5 417871.36665250 60.35331595
473 133668 133655 1636946141 MmVQeurhZakXzD3V8RkDFx22cUG96QXbjcC 500.1 5 418371.46665250 60.36538662
474 133688 133675 1636946564 MmVQeurhZakXzD3V8RkDFx22cUG96QXbjcC 501.4 5 418872.86665250 60.52230524
475 133784 133771 1636949084 MmfFwmZMZpaxRGXC7eeND53W7ogybC7Z36A 200 5 419072.86665250 24.14132638
476 133849 133836 1636951126 MmVnbheJ2SPmMCtsrrni4ibfxkFWCREQfXa 500 5 419572.86665250 60.35331595
477 133868 133855 1636951829 MmZYrC2CKGNaUPFy82gueprG1N59WMprH5A 2000 5 421572.86665250 241.41326382
478 133880 133867 1636952166 MmPaMTUje5tP6VW9HRuRZzL4216u9nsWqKU 500 5 422072.86665250 60.35331595
479 133890 133877 1636952463 MmNLuzxGHzKSUaGDFijdohLXJomoBeLuUaX 500 5 422572.86665250 60.35331595
480 133943 133930 1636954008 MmdQiYMFNcTz7U4PsNw4Z5imUcYHQdWX27K 500 5 423072.86665250 60.35331595
481 133945 133932 1636954063 MmUTFkg4K6EmKSGd7QeWZ1oxcpW2DH5npHU 501 5 423573.86665250 60.47402258
482 133947 133934 1636954171 MmKjLLLyj1T6vBi4EQtKB23yhZkVcrvESma 500 5 424073.86665250 60.35331595
483 133981 133968 1636955388 MmRsK8sgQzPWmGYhAio5FVNdnVJviFoyyN3 500 5 424573.86665250 60.35331595
484 133991 133978 1636955856 MmdorKZ3AyK5RRAvMBPansDFozkayV1Q1vg 500.5 5 425074.36665250 60.41366927
485 134003 133990 1636956241 MmdorKZ3AyK5RRAvMBPansDFozkayV1Q1vg 501.5 5 425575.86665250 60.53437590
486 134011 133998 1636956612 MmdorKZ3AyK5RRAvMBPansDFozkayV1Q1vg 502.5 5 426078.36665250 60.65508253
487 134014 134001 1636956723 MmiTC5Qa3VAmQ4EoiDPbUNfHSNCcYUG245t 500 5 426578.36665250 60.35331595
488 134033 134020 1636957388 MmWoE96zsR74Zc9UA1ga1GtafMESbXztgpz 38 5 426616.36665250 4.58685201
489 134076 134063 1636958991 MmTPnuL6DVQqPLnpjsBMvBkDPvqxByHaUdL 510 5 427126.36665250 61.56038227
490 134152 134139 1636960925 MmSvfrQLzAwGaN6xxYxdFdYmtTxp2Vrfrw6 500 5 427626.36665250 60.35331595
491 134173 134160 1636961332 Mmcb2Ljt9m61HJicL5QcfkzxPns4uSmcDqE 501 5 428127.36665250 60.47402258
492 134178 134165 1636961529 Mma9ezvbzSYNLEXPasWokx1GaoDtUNe1682 95.32 5 428222.68665250 11.50575615
493 134192 134179 1636961743 MmetRDjg6AqxANLa1zK8Y1vjJZv1gVcVYr1 500 5 428722.68665250 60.35331595
494 134202 134189 1636962000 MmdorKZ3AyK5RRAvMBPansDFozkayV1Q1vg 500.3 5 429222.98665250 60.38952794
495 134218 134205 1636962285 MmL5qsWEU6jYYtUyDCys4ZZmB5ubRDQcHjQ 500 5 429722.98665250 60.35331595
496 134221 134208 1636962329 MmdorKZ3AyK5RRAvMBPansDFozkayV1Q1vg 501.3 5 430224.28665250 60.51023457
497 134250 134237 1636963444 MmPWYcnLKdTYZPHJd2ud6GGx5oDWLWheMyP 501 5 430725.28665250 60.47402258
498 134264 134251 1636963751 MmUwz46SkyNYQYtDSG3kwXn7eEhESWecP1D 2000 5 432725.28665250 241.41326382
499 134279 134266 1636964195 MmeAgGy2U8JT3Mi2ZbkTQXx5K2jNB1MDv6e 500 5 433225.28665250 60.35331595
500 134325 134312 1636965635 MmL61kjaS9fokG54E5NhcXmwcrscp9QfUwX 500 5 433725.28665250 60.35331595
501 134357 134344 1636966548 Mmcmj2ihxnmjmPNvwrz5Wt69tacKcn8ZWhw 6800 5 440525.28665250 820.80509701
502 134365 134352 1636966874 MmVzxU19X6R3suaeQ9YTwPRLJfBZJV1pD19 502.3 5 441027.58665250 60.63094121
503 134389 134376 1636967303 MmhJC82kZq3EQxJQCqTwdx1caKg4FJS1XS4 510 5 441537.58665250 61.56038227
504 134397 134384 1636967557 MmMGbx6eEUyvs81upHotWE125kGNX6AeSHr 500 5 442037.58665250 60.35331595
505 134414 134401 1636968106 MmUJGE9wpKJ62qWqY1W9h5igTNuoLx5aUEi 507.76 5 442545.34665250 61.28999942
506 134425 134412 1636968732 MmdhT1XdVzApYtCSTMrbhbw7kHHnjopXX5g 500.99 5 443046.33665250 60.47281552
507 134444 134431 1636969309 MmR7STCsZ7v5J4CWPieyP72fdB1vHqQCnHj 505 5 443551.33665250 60.95684911
508 134483 134470 1636970420 MmacZ7Havvsahm883SNhivdywmxkzdtgiig 500 5 444051.33665250 60.35331595
509 134493 134480 1636970754 MmLQB7g7VsLxo882fL4iEtLTyMrzevoCMQA 500 5 444551.33665250 60.35331595
510 134499 134486 1636970909 MmUng4CfY4RV9mKiWUG9S9A6x8YRDmabBCy 501 5 445052.33665250 60.47402258
511 134511 134498 1636971139 MmM16UEtcrGqfUG2H3GmeSoFbN5huWa4ojR 500 5 445552.33665250 60.35331595
512 134520 134507 1636971325 Mma9a8FjeHqdb7iQKpnGzGMcFXDqMf19UmQ 502.598 5 446054.93465250 60.66691178
513 134528 134515 1636971485 MmYcg229AEtNdHB5BVpvvowkH6E4T2Cpmdh 500 5 446554.93465250 60.35331595
514 134578 134565 1636973191 MmWPhar7x4HRDBErUrYTLSbwQ4EAQHrziWs 500 5 447054.93465250 60.35331595
515 134587 134574 1636973503 Mmb9fgf1vydTBHqF18SfwaHhWJ7NjYMwAmL 500 5 447554.93465250 60.35331595
516 134643 134630 1636975223 MmfPRsX5kz6n1dsn7UG18Qjz5sT6JVM4Bzs 3500 5 451054.93465250 422.47321169
517 134668 134655 1636975862 MmQAZKaZRw6qzC3a3GGAsfiH7CZCzznB67t 150 5 451204.93465250 18.10599478
518 134672 134659 1636976014 MmRMc4j2pKFiWbUaTh8fg6TKj1u5ZCZZxCv 500.6 5 451705.53465250 60.42573993
519 134675 134661 1636976096 MmZAuxsoFaA42FRXx3kdJ8FqsjKTUhHGJji 500.199 5 452205.73365250 60.37733657
520 134682 134668 1636976268 MmYDZPsU46p9wLHJbAf1fpfszADyiahU1w6 500 5 452705.73365250 60.35331595
521 134702 134688 1636976706 MmRw2FxsrWXMiFV8h2QmeMakteJ7jvAz2HB 500 5 453205.73365250 60.35331595
522 134713 134699 1636977107 MmeF8Tk8EbyEySUynsMHx9PJuts6vVtjvK2 400 5 453605.73365250 48.28265276
523 134761 134747 1636978684 MmekQyH1HUpVWBLivdzRRoSr9ikaTsejppo 1002 5 454607.73365250 120.94804517
524 134894 134880 1636982649 Mmdk1NP19WeYh5ejeGsizroWQ8T4tY49B2R 501 5 455108.73365250 60.47402258
525 134949 134935 1636984395 MmTmFpejdi4PZPe2wdtiGPSHKAmJPKh24P1 504 5 455612.73365250 60.83614248
526 134953 134939 1636984545 MmXT3Vi5x9FLsAWWrXajdxuNVSWpPQSQGAc 504 5 456116.73365250 60.83614248
527 134993 134979 1636985668 MmWTpvy4CCGsJrqMx4jquAz4sTiyZ3deDiE 5000 5 461116.73365250 603.53315957
528 134998 134984 1636985812 MmRyEs1WjWA6FZqAS1bcVGCftguqCcdVCsu 500 5 461616.73365250 60.35331595
529 135000 134986 1636985904 MmZv4fpJeoVeRr7S5n34UmZNatLWu1usqem 499.999 5 462116.73265250 60.35319525
530 135010 134996 1636986328 Mmgxc4THDyqyjN4ijCWb7MM3sMoriXG3TTL 504 5 462620.73265250 60.83614248
531 135051 135037 1636987880 MmMau4EhdL2EJ3MSzguhs5prENQLJN3zbBG 500 5 463120.73265250 60.35331595
532 135101 135087 1636989347 MmLnZ3DFsjBLjsGH7PnubRX32J99xS2yGAj 500.5 5 463621.23265250 60.41366927
533 135719 135705 1637007989 MmeFSkDfiY76fqEKmdMjNumPCmxU7q7xQRX 500 5 464121.23265250 60.35331595
534 136179 136165 1637021590 MmiuCjM6wJzuXdGYeFyiv2tMauk3HYRBvuu 500 5 464621.23265250 60.35331595
535 136254 136240 1637023661 MmZmumg8Jp7mzFNNcRZ1kWvrkyufBotP1VU 499.99 5 465121.22265250 60.35210889
536 136325 136311 1637026014 MmSaCzzrE5e33C7cffSjHcWYaLbbtLj61M4 500 5 465621.22265250 60.35331595
537 136388 136374 1637027911 MmYS3Mwa6bn7Y9E7gscYQX1JKfHMacNM3Dx 1000 5 466621.22265250 120.70663191
538 136703 136689 1637036794 Mmi6fpgtWvWHZmpyyhhLvD2Pr4d3qwRngk8 500 5 467121.22265250 60.35331595
539 136908 136894 1637043649 MmNRaizQvV9pgP8pBaKo9ZbUhmNFRMBYYHq 1000 5 468121.22265250 120.70663191
540 136949 136935 1637044663 MmNRaizQvV9pgP8pBaKo9ZbUhmNFRMBYYHq 1000.09 5 469121.31265250 120.71749551
541 137534 137520 1637062541 MmNeCfYHCoucwjKFzLVSU9HPemGqYhZjq4Q 292 5 469413.31265250 35.24633651
542 137637 137623 1637065589 MmiFN1oH8urXTencsxWPLCLAAYHTndTczzg 13000 5 482413.31265250 1569.18621488
543 137819 137805 1637071135 MmYcg229AEtNdHB5BVpvvowkH6E4T2Cpmdh 500 5 482913.31265250 60.35331595
544 139229 139215 1637113292 MmTcWSYjy6UeZHjR5mvWSLHfoTPvKxDdcQ5 300 5 483213.31265250 36.21198957
545 139259 139245 1637113954 MmTzk11ShsQi3kYGNbjN3mxkiixKX74MfnW 508 5 483721.31265250 61.31896901
546 139261 139247 1637114020 MmbQssY1M8xcgJRdXM5pB8CJXJhGLCJh7fk 498 5 484219.31265250 60.11190269
547 139292 139278 1637115095 MmRovVyMfB5diuUNaLNVZYpH98jkpG574ye 50 5 484269.31265250 6.03533159
548 139308 139294 1637115437 MmRQhCtZEgr1dksnbzHrEP2GVHrqhyb92wG 40 5 484309.31265250 4.82826527
549 139313 139299 1637115588 MmfjZzMqKdAGtcb9Jze9pVrfcmBApUpurUx 500 5 484809.31265250 60.35331595
550 139614 139600 1637124564 MmhWjdm7RkUGtUXk8CEkH3KxaDwJs9WWpv8 532 5 485341.31265250 64.21592817
551 139620 139606 1637124639 MmNSmWkZHzoXTnPgKFe5qvRZjuCS6aXkPaY 200 5 485541.31265250 24.14132638
552 139684 139670 1637126490 MmP4xhitsu4J6dDrAs7afmznotBX4aCu3wR 500 5 486041.31265250 60.35331595
553 139954 139940 1637135007 MmdDeawW871hi5QfrC1C2E42n8fUKUx4YR7 500 5 486541.31265250 60.35331595
554 140072 140058 1637138819 MmhSY9MqgESatu6sVBRgVoCkkeTM9dMw4ur 0.09 5 486541.40265250 0.01086359
555 141175 141161 1637171481 Mmc3SKqDmGZqaKLdUYE6S6ufkJsorX4wf6U 1000 5 487541.40265250 120.70663191
556 142441 142427 1637209558 Mmh3xZsFpXr2w5kuy6WQdEyUimQnhqDvHKs 2000 5 489541.40265250 241.41326382
557 142469 142455 1637210476 MmcHgekuBRYxMHKKici6Wo9FxbBukhjvXsN 63 5 489604.40265250 7.60451781
558 142492 142478 1637211111 MmTQUTeB4BMT1YSiBZTYzsXamAhMetrjqqF 45 5 489649.40265250 5.43179843
559 142506 142492 1637211433 MmN3naE5eGGaveXQxvgWs3mnwDvSegyUeey 1000 5 490649.40265250 120.70663191
560 143652 143637 1637246893 MmRovVyMfB5diuUNaLNVZYpH98jkpG574ye 25 5 490674.40265250 3.01766579
561 145386 145370 1637299084 MmUoK7TCKdzfZLNGZggxaMhDdhuDs4w6Gdf 501 5 491175.40265250 60.47402258
562 145390 145374 1637299208 MmbQssY1M8xcgJRdXM5pB8CJXJhGLCJh7fk 500 5 491675.40265250 60.35331595
563 145400 145384 1637299369 MmbQssY1M8xcgJRdXM5pB8CJXJhGLCJh7fk 500 5 492175.40265250 60.35331595
564 145489 145473 1637302357 MmN3naE5eGGaveXQxvgWs3mnwDvSegyUeey 1000 5 493175.40265250 120.70663191
565 146174 146157 1637322407 MmaJ2tfSchbPCks8sGZDnp2fsKhmfNEJQCm 3.84 5 493179.24265250 0.46351346
566 146593 146576 1637335090 MmWTpvy4CCGsJrqMx4jquAz4sTiyZ3deDiE 3500 5 496679.24265250 422.47321169
567 147556 147538 1637364018 MmXVh9DwBGxDKjrm7pSCNxS7V61wDeeNBGG 499.5 5 497178.74265250 60.29296264
568 147811 147792 1637371625 MmecJbb7kuyfrBqMiU5ReLbNAT5VmSs4Ma3 500 5 497678.74265250 60.35331595
569 148056 148037 1637379198 MmRovVyMfB5diuUNaLNVZYpH98jkpG574ye 50 5 497728.74265250 6.03533159
570 148123 148104 1637381362 MmdeKjB16Y6Z3A5JyD4CFU3ciVDMk4CXt1J 2000 5 499728.74265250 241.41326382
571 148194 148175 1637383551 MmdeKjB16Y6Z3A5JyD4CFU3ciVDMk4CXt1J 500 5 500228.74265250 60.35331595
572 148356 148333 1637387684 MmRE1R5jU7u6vFb8CwULBDVrZwM8Mrt3X8T 16 5 500244.74265250 1.93130611
573 148397 148374 1637388669 MmLephTaokmymR9ug7eH5JohRdNw4uXiie6 501 5 500745.74265250 60.47402258
574 148444 148421 1637390365 MmecJbb7kuyfrBqMiU5ReLbNAT5VmSs4Ma3 500 5 501245.74265250 60.35331595
575 148774 148750 1637400724 MmbWS3CimuWwveKfhToxEMyUdHHjbXgSFvb 500 5 501745.74265250 60.35331595
576 149874 149850 1637433389 MmdZ3bookmK6uEwJ7xcsJAR1ghW8VCvX6ae 8 5 501753.74265250 0.96565305
577 151252 151219 1637474534 MmVka7EtUVq8u8wNqmBor4nBui7SpAUk9Gt 1500 5 503253.74265250 181.05994787
578 151280 151246 1637475290 MmSBoy37jGkkMTE1sk7L9KfVqrFm8khf71W 51 5 503304.74265250 6.15603822
579 151375 151340 1637478082 MmKxvwKiG86cCxZ145TEGQkbnfeXi1G7LPY 500 5 503804.74265250 60.35331595
580 151494 151459 1637481363 MmYoqA6R8uJCEvcJTNo9hs2tscXmLhzGtSe 500 5 504304.74265250 60.35331595
581 151503 151468 1637481585 MmLBXnZcU36WtiAAgRcwAYKv9Fr5gfmDqSb 500 5 504804.74265250 60.35331595
582 151594 151557 1637485420 Mmh9B3rUPomvGF5s5wNAU3LHiYRZ4PjnX9S 499.999 5 505304.74165250 60.35319525
583 151803 151764 1637491002 MmcnmbvX441EdLhxD9SjMnXvhrfJJt1Bx4L 154 5 505458.74165250 18.58882131
584 151890 151850 1637493522 MmaJ2tfSchbPCks8sGZDnp2fsKhmfNEJQCm 3 5 505461.74165250 0.36211989
585 152113 152069 1637500312 MmLdQYHXqF89JjAyoaZ5smfYdk8UbKRhEJK 500.1 5 505961.84165250 60.36538662
586 153674 153626 1637547724 MmRovVyMfB5diuUNaLNVZYpH98jkpG574ye 50 5 506011.84165250 6.03533159
587 154146 154097 1637561596 MmVka7EtUVq8u8wNqmBor4nBui7SpAUk9Gt 500 5 506511.84165250 60.35331595
588 154484 154435 1637571713 MmRovVyMfB5diuUNaLNVZYpH98jkpG574ye 200 5 506711.84165250 24.14132638
589 155099 155046 1637589926 MmXrVxonfgmkk3Pidt7GYmjDvv8K6Qq8zTG 2000 5 508711.84165250 241.41326382
590 155131 155077 1637590653 MmYZ2kMr3teFLN8JKFrsSPuZN8yyB7brwSB 130 5 508841.84165250 15.69186214
591 156543 156485 1637633563 MmU1Pq5snhfZtq4WSNLpUpab8awmfjNea44 500 5 509341.84165250 60.35331595
592 156559 156501 1637634012 MmY6e9yakafdsbtgVUdaZEFkzWrn8B3jpMX 4999 5 514340.84165250 603.41245293
593 156770 156710 1637640110 MmVYoG5hQ5ANTvSb5y7LpzrXQf2d1e61qQr 400 5 514740.84165250 48.28265276
594 156788 156727 1637640748 MmQrd3iSHZKryrTnyGfiHQ6xtyjKWTtgpAR 4999 5 519739.84165250 603.41245293
595 156827 156765 1637641900 MmLQB7g7VsLxo882fL4iEtLTyMrzevoCMQA 500 5 520239.84165250 60.35331595
596 156886 156823 1637643328 MmSAMyu65oY1vdLMNKxFX5DhZ3RQRmP2fsk 2000 5 522239.84165250 241.41326382
597 157002 156938 1637647234 MmZYrC2CKGNaUPFy82gueprG1N59WMprH5A 5000 5 527239.84165250 603.53315957
598 157026 156961 1637647854 MmiFN1oH8urXTencsxWPLCLAAYHTndTczzg 4000 5 531239.84165250 482.82652765
599 157035 156970 1637648236 MmffLLdETmskgEqGnMoLT9vSkLXXUiKNsNC 500 5 531739.84165250 60.35331595
600 157058 156993 1637648754 MmVka7EtUVq8u8wNqmBor4nBui7SpAUk9Gt 500 5 532239.84165250 60.35331595
601 157073 157008 1637649151 MmfvxtLu4JxDSt73L2taDqcPgGTiErCtQcS 500 5 532739.84165250 60.35331595
602 157098 157033 1637649903 MmaJ2tfSchbPCks8sGZDnp2fsKhmfNEJQCm 0.009 5 532739.85065250 0.00108635
603 157158 157093 1637651734 MmRw2FxsrWXMiFV8h2QmeMakteJ7jvAz2HB 500 5 533239.85065250 60.35331595
604 157593 157523 1637664537 MmZv4fpJeoVeRr7S5n34UmZNatLWu1usqem 500 5 533739.85065250 60.35331595
605 157630 157558 1637665679 MmLaZiwRNbu5SfXYgmHDCJ8SJ8pGPxRMMQY 500 5 534239.85065250 60.35331595
606 157641 157569 1637666012 MmhJC82kZq3EQxJQCqTwdx1caKg4FJS1XS4 500 5 534739.85065250 60.35331595
607 157777 157705 1637669983 MmTBXbZ9yTXe9ETRsG2xfyk5NAAabtAWSbR 1000 5 535739.85065250 120.70663191
608 157969 157890 1637676115 Mmd88VtTy5A3AfxueJtcSV3YQMXfAvb2zvk 500 5 536239.85065250 60.35331595
609 158048 157969 1637678385 MmUMcjj4J6x5ZzTbvrXDMhgjF2yifMed5gG 500 5 536739.85065250 60.35331595
610 158149 158066 1637680760 MmaJ2tfSchbPCks8sGZDnp2fsKhmfNEJQCm 142.259 5 536882.10965250 17.17160474
611 158187 158104 1637681883 MmSPoCHbTsR8VZ7rqgmhRRBrBJeGbUQemw3 500 5 537382.10965250 60.35331595
612 158254 158171 1637683982 MmSPoCHbTsR8VZ7rqgmhRRBrBJeGbUQemw3 500 5 537882.10965250 60.35331595
613 158763 158678 1637698889 MmRovVyMfB5diuUNaLNVZYpH98jkpG574ye 100 5 537982.10965250 12.07066319
614 159477 159388 1637720508 MmL3Uqm518c8drKma4VjmhRkwr6XBqpdzgX 600 5 538582.10965250 72.42397914
615 159788 159697 1637730308 MmRirryujF3XKkQkh2BUEDui5eVgri6B5B3 500 5 539082.10965250 60.35331595
616 159796 159704 1637730589 MmWTpvy4CCGsJrqMx4jquAz4sTiyZ3deDiE 10000 5 549082.10965250 1207.06631914
617 159917 159821 1637734075 MmZku2BAYP77uKj63Gms2qdEfeffx8TW5g4 500 5 549582.10965250 60.35331595
618 159920 159823 1637734110 MmYS3Mwa6bn7Y9E7gscYQX1JKfHMacNM3Dx 500 5 550082.10965250 60.35331595
619 159934 159837 1637734589 MmXGDKbhzTxGix25EKotC8DPTUcFMvWPxym 500 5 550582.10965250 60.35331595
620 159982 159884 1637735947 MmXrVxonfgmkk3Pidt7GYmjDvv8K6Qq8zTG 1000 5 551582.10965250 120.70663191
621 159987 159889 1637736092 MmiFN1oH8urXTencsxWPLCLAAYHTndTczzg 2000 5 553582.10965250 241.41326382
622 160250 160149 1637743709 MmiLv4mQu85EvJz7Tb6hcMqhJ4VmjFeN4xR 501 5 554083.10965250 60.47402258
623 160273 160172 1637744323 MmNFV8WgmxHNCTApT2rWYB5bf9YFMPsgQTr 107 5 554190.10965250 12.91560961
624 160386 160284 1637747636 MmQcg16q1K712MJfpJbFf4tcnmf6AoRFmkr 499.99 5 554690.09965250 60.35210889
625 160419 160317 1637748577 MmfAukuXYREazeVCDC3cPt3b7Yw9ADHxyuX 500 5 555190.09965250 60.35331595
626 160590 160482 1637753620 MmLephTaokmymR9ug7eH5JohRdNw4uXiie6 501 5 555691.09965250 60.47402258
627 160608 160500 1637754027 Mmbgkqx9h6b7abENQwF1aFkAjqtKdDj2TwN 500 5 556191.09965250 60.35331595
628 160680 160570 1637756087 Mme2S1C6wTwFD4hKoDoKiWhkv64ak3MTRD2 500 5 556691.09965250 60.35331595
629 160805 160693 1637759970 Mmgihgn5BZE8xDhh61MqKomF7CFLHmDEZQY 500 5 557191.09965250 60.35331595
630 161065 160946 1637767583 MmXSCZgov3VtpkpSGUkGF5Ezm8viZX8DuZK 500 5 557691.09965250 60.35331595
631 161090 160970 1637768398 Mmc82hjURu1ZNG9LLDYdug6p3EJdDug2GXf 1000 5 558691.09965250 120.70663191
632 162142 162018 1637800221 MmR3yfPYwtaWHmAxjSRWP5ymxH4HFtws39K 1000 5 559691.09965250 120.70663191
633 162157 162032 1637800478 MmTj8G6QyrAJhunACnLJAz1XQahwLYHyuvN 500 5 560191.09965250 60.35331595
634 162280 162155 1637804118 MmKsfKXaAM1256oVMgkRy2SXZjV5M9U5BU4 500.5 5 560691.59965250 60.41366927
635 162384 162253 1637806779 MmQHRcP7KmPRci1jNwPZXvNsHdJPuQ14Jbe 500.5 5 561192.09965250 60.41366927
636 162446 162313 1637808358 MmhtDk5pZsuSWiDys29zcr69A1CG7Foor4t 500 5 561692.09965250 60.35331595
637 162530 162394 1637811012 MmeC1cvygxTnaYScQ4yx7HMxtu8p8cbtohG 2505 5 564197.09965250 302.37011294
638 162543 162407 1637811580 MmhJC82kZq3EQxJQCqTwdx1caKg4FJS1XS4 500 5 564697.09965250 60.35331595
639 162633 162493 1637814459 MmhQFhdgQb5VejLZRvVLTAXGMyM4fpMhJk5 500 5 565197.09965250 60.35331595
640 162638 162496 1637814563 MmhQFhdgQb5VejLZRvVLTAXGMyM4fpMhJk5 500 5 565697.09965250 60.35331595
641 162644 162502 1637814849 MmhQFhdgQb5VejLZRvVLTAXGMyM4fpMhJk5 500 5 566197.09965250 60.35331595
642 162661 162519 1637815272 MmeC1cvygxTnaYScQ4yx7HMxtu8p8cbtohG 501 5 566698.09965250 60.47402258
643 162681 162537 1637815801 MmeC1cvygxTnaYScQ4yx7HMxtu8p8cbtohG 501 5 567199.09965250 60.47402258
644 162723 162578 1637816937 MmZku2BAYP77uKj63Gms2qdEfeffx8TW5g4 500 5 567699.09965250 60.35331595
645 162736 162591 1637817358 MmMsJM5F7AGoG8SM2aNTfJW2zQwE7AFgkbd 1500 5 569199.09965250 181.05994787
646 162737 162592 1637817429 MmiFN1oH8urXTencsxWPLCLAAYHTndTczzg 9500 5 578699.09965250 1146.71300318
647 162761 162615 1637818091 MmYS3Mwa6bn7Y9E7gscYQX1JKfHMacNM3Dx 500 5 579199.09965250 60.35331595
648 162840 162693 1637820580 MmXrVxonfgmkk3Pidt7GYmjDvv8K6Qq8zTG 2000 5 581199.09965250 241.41326382
649 162842 162695 1637820740 MmaXQdHQSMYa1xCgYTvvsvpShbeRP52fz1p 26 5 581225.09965250 3.13837242
650 162853 162706 1637821093 MmMYyFhPcUtLCTSG11ywRaGq7CXFHp6Y5RX 1500 5 582725.09965250 181.05994787
651 162928 162780 1637822722 MmPfeotwhUgedX2vCRxYECWKwb7xJJ45AxA 6499 5 589224.09965250 784.47240080
652 163248 163096 1637832333 MmS3d5HGNuYSJZ8qCixf8tKDGfJRvuw3hLe 501 5 589725.09965250 60.47402258
653 163261 163108 1637832622 MmTA7j1Jvm9eKpLYXocwKvQsJ9BBp2X8a4j 700 5 590425.09965250 84.49464233
654 163595 163436 1637842025 MmZN6y9XbwUY1iMcvYGnsbq9xLWTVy2USDY 500 5 590925.09965250 60.35331595
655 163604 163445 1637842269 Mmc7HHwAkHbourD5PByDShNrnd2sT1CmDNz 500 5 591425.09965250 60.35331595
656 163620 163461 1637842661 MmZN6y9XbwUY1iMcvYGnsbq9xLWTVy2USDY 500 5 591925.09965250 60.35331595
657 163800 163639 1637848211 MmiAZpXeVFKjnYMd9EUoah5vbrrCgSF4WZ5 501 5 592426.09965250 60.47402258
658 163916 163754 1637851595 MmQrd3iSHZKryrTnyGfiHQ6xtyjKWTtgpAR 20000 5 612426.09965250 2414.13263828
659 163933 163771 1637851859 MmQrd3iSHZKryrTnyGfiHQ6xtyjKWTtgpAR 5000 5 617426.09965250 603.53315957
660 164060 163897 1637855964 MmW1WzbLcFxB8kvTEZnBfBpNbeooWmvg2Lt 500 5 617926.09965250 60.35331595
661 164176 164010 1637859352 MmVka7EtUVq8u8wNqmBor4nBui7SpAUk9Gt 1000 5 618926.09965250 120.70663191
662 164186 164020 1637859514 MmdnaBSvJbfhcbmsh59d8udBwWr7h2XDT75 15 5 618941.09965250 1.81059947
663 164997 164831 1637883920 MmazENqv1mU9sy3C3VgKNUiVKAi2ewyZWiE 500 5 619441.09965250 60.35331595
664 165119 164952 1637887819 MmfQpEJb412i76PndWTfopU1s2QWhQq1Mic 1499 5 620940.09965250 180.93924123
665 165174 165007 1637889275 MmRQhCtZEgr1dksnbzHrEP2GVHrqhyb92wG 200 5 621140.09965250 24.14132638
666 165302 165135 1637893498 MmiAZpXeVFKjnYMd9EUoah5vbrrCgSF4WZ5 500 5 621640.09965250 60.35331595
667 165324 165155 1637893965 MmiAZpXeVFKjnYMd9EUoah5vbrrCgSF4WZ5 500 5 622140.09965250 60.35331595
668 165373 165204 1637895123 MmPaMTUje5tP6VW9HRuRZzL4216u9nsWqKU 1000 5 623140.09965250 120.70663191
669 165669 165498 1637903926 MmXrVxonfgmkk3Pidt7GYmjDvv8K6Qq8zTG 500 5 623640.09965250 60.35331595
670 165698 165526 1637905129 MmLJ3z2z5uMrvKejdtivNax3kdU81Go1DMP 1000 5 624640.09965250 120.70663191
671 165700 165528 1637905279 MmWTpvy4CCGsJrqMx4jquAz4sTiyZ3deDiE 1500 5 626140.09965250 181.05994787
672 165726 165552 1637905963 MmPwQTvvZd9PYVCowuCB13ZGCTFAKRdnKys 2001 5 628141.09965250 241.53397045
673 165779 165604 1637907894 MmRE1R5jU7u6vFb8CwULBDVrZwM8Mrt3X8T 283 5 628424.09965250 34.15997683
674 165897 165719 1637910686 MmY41GffRytxtGhtDibBAUd9qk9q9YPcFHg 1000 5 629424.09965250 120.70663191
675 165949 165769 1637911861 MmLBXnZcU36WtiAAgRcwAYKv9Fr5gfmDqSb 500 5 629924.09965250 60.35331595
676 165950 165770 1637911873 MmbNAUXfGdhQcXViNAGAtbgDqAQKUHm4FfJ 500 5 630424.09965250 60.35331595
677 165982 165801 1637912836 MmLBXnZcU36WtiAAgRcwAYKv9Fr5gfmDqSb 1500 5 631924.09965250 181.05994787
678 165988 165806 1637913010 MmaJqCCsh9V1Q5kzvooasnjQikD5WfFYLuY 500 5 632424.09965250 60.35331595
679 166025 165843 1637913895 MmaHf7YgjMZD5f98iqPrtTQJaenAYU6hU5C 200 5 632624.09965250 24.14132638
680 166432 166247 1637926641 MmY6e9yakafdsbtgVUdaZEFkzWrn8B3jpMX 5000 5 637624.09965250 603.53315957
681 166487 166300 1637927688 MmUmmioxptBBkYgLhBKgPdKJN4ra58FZGQB 10 5 637634.09965250 1.20706631
682 166507 166320 1637928234 MmcMivpY8AX5gqieDHchQTa5G1qMQr2ZDye 30 5 637664.09965250 3.62119895
683 166541 166354 1637929123 MmWWaWGbqkF1jnachSEo73unff3qbJJc6oL 300 5 637964.09965250 36.21198957
684 166600 166413 1637931460 MmcMivpY8AX5gqieDHchQTa5G1qMQr2ZDye 100 5 638064.09965250 12.07066319
685 166723 166534 1637934899 MmcXsT3NSAyQmmacrBuYtUeMH3pqiYABCpC 16000 5 654064.09965250 1931.30611062
686 166947 166757 1637941722 MmRmiDvE9Rh7uRYjvZGVHaofpbynxDdLLR1 1001 5 655065.09965250 120.82733854
687 167025 166834 1637943813 MmRmiDvE9Rh7uRYjvZGVHaofpbynxDdLLR1 501 5 655566.09965250 60.47402258
688 167875 167683 1637969166 MmfSLNd9945yqkBLQVrhtUrdxe74am9tVe3 927.504 5 656493.60365250 111.95588392
689 168015 167822 1637973858 MmVgphtxfoRUF8u5Nf67Hw7HRxMgCikGj4f 2000 5 658493.60365250 241.41326382
690 168247 168054 1637980413 MmevNWjetemicBeniyS4gP8HCryPmVqDse1 99 5 658592.60365250 11.94995655
691 168266 168072 1637981257 Mma84KVNJ1GH79uswDCyc5rUijzbrErD15q 3057 5 661649.60365250 369.00017376
692 168503 168304 1637988395 MmVka7EtUVq8u8wNqmBor4nBui7SpAUk9Gt 500 5 662149.60365250 60.35331595
693 168509 168310 1637988506 MmN3naE5eGGaveXQxvgWs3mnwDvSegyUeey 2000 5 664149.60365250 241.41326382
694 168909 168701 1637999862 MmiFN1oH8urXTencsxWPLCLAAYHTndTczzg 3500 5 667649.60365250 422.47321169
695 169409 169191 1638014348 MmWTpvy4CCGsJrqMx4jquAz4sTiyZ3deDiE 500 5 668149.60365250 60.35331595
696 169611 169389 1638020395 Mmh3xZsFpXr2w5kuy6WQdEyUimQnhqDvHKs 500 5 668649.60365250 60.35331595
697 170231 170004 1638039514 MmPBDu7xuKF5GMjw5dQ1vrtfFZKKSoHw6zQ 338 5 668987.60365250 40.79884158
698 170782 170553 1638056238 MmaXQdHQSMYa1xCgYTvvsvpShbeRP52fz1p 154 5 669141.60365250 18.58882131
699 170876 170645 1638058520 MmaXQdHQSMYa1xCgYTvvsvpShbeRP52fz1p 1 5 669142.60365250 0.12070663
700 171090 170857 1638064836 Mme127pugaMw8dQv5e6EZpPdWiEHqcBfAVQ 162 5 669304.60365250 19.55447437
701 171167 170933 1638066736 MmRVwekwMTwKRX8CJZted7Qy3t8MkGUs7NP 500 5 669804.60365250 60.35331595
702 171183 170949 1638067145 MmRVwekwMTwKRX8CJZted7Qy3t8MkGUs7NP 500 5 670304.60365250 60.35331595
703 171261 171026 1638069861 MmWgKrQS1gWPempAVfqBZpUwxCkPF4jsEps 100 5 670404.60365250 12.07066319
704 171567 171327 1638079135 MmiFN1oH8urXTencsxWPLCLAAYHTndTczzg 1500 5 671904.60365250 181.05994787
705 171750 171508 1638085105 MmcRuyxwEhepu1BxMqmXGtNwQynWjAfKXHY 100 5 672004.60365250 12.07066319
706 172719 172454 1638113708 MmaJ2tfSchbPCks8sGZDnp2fsKhmfNEJQCm 12.972 5 672017.57565250 1.56580642
707 173110 172842 1638125893 MmQmXr8ke7nHRrpXmeUsGpMHxoC6fmuz4Qz 21 5 672038.57565250 2.53483927
708 174114 173838 1638155703 MmZmBgsAELGUC1F6wn5jDC6h9HghKCCFphJ 250 5 672288.57565250 30.17665797
709 174368 174087 1638163202 MmTTG8NT2oL4k9Gq62qWqn2G7fTf1RfU1LC 199.999 5 672488.57465250 24.14120567
710 174540 174251 1638167895 MmYidnSV5tdnZPQLy99SqTUUbJZePjjh4Xf 500 5 672988.57465250 60.35331595
711 174762 174452 1638173947 MmRkXg5qgLu2CcjKVLSvEHWY29FmY3iAkAM 1000 5 673988.57465250 120.70663191
712 174964 174651 1638179631 Mmf59mjLdrTwe4nAxtoyyKsyg8feQ54koys 1500 5 675488.57465250 181.05994787
713 175230 174902 1638187512 MmhLSAhKQTAnmKUG6MrAEtn3MJS1JHCcww4 500 5 675988.57465250 60.35331595
714 175395 175067 1638192116 MmfjeaNYhXw41HSCWM4MukFKhfYYhsUe86S 500.145 5 676488.71965250 60.37081841
715 175396 175068 1638192129 Mmet4yK7mcjgxSauQN9cwvuYQJsVAJ2dkJb 500 5 676988.71965250 60.35331595
716 175558 175228 1638196813 Mmi5a8ogNZX95X7sArxmPtL3nQHmE5q7vQR 5 5 676993.71965250 0.60353315
717 176727 176384 1638232196 MmcMivpY8AX5gqieDHchQTa5G1qMQr2ZDye 21.62 5 677015.33965250 2.60967738
718 176889 176542 1638236707 MmPasNFu2h1zKTs4oDLauPq1FKv9pkKDgdY 400 5 677415.33965250 48.28265276
719 177219 176857 1638246358 Mmf6Ez1qWZtnfLjcDKFdom8URzcchgMBcnZ 280 5 677695.33965250 33.79785693
720 177265 176899 1638247353 MmNSmWkZHzoXTnPgKFe5qvRZjuCS6aXkPaY 30 5 677725.33965250 3.62119895
721 177273 176905 1638247475 MmRoZpTtobGMyGSYd6mckwrou4s9YLbCdDG 100 5 677825.33965250 12.07066319
722 177719 177340 1638260718 MmXjyb94rT7uh5Yyh3snB9iTpx6UndmGPsc 45 5 677870.33965250 5.43179843
723 178134 177708 1638270844 MmPnWZw83eqTZ3CHkSp2HpDkFC8eRkPVvbd 500 5 678370.33965250 60.35331595
724 178143 177717 1638271102 MmcnmbvX441EdLhxD9SjMnXvhrfJJt1Bx4L 120 5 678490.33965250 14.48479582
725 180235 179655 1638329821 MmdR4wFRXWCRbfAkTaNjk1vYSVLHwmSdhX5 6 5 678496.33965250 0.72423979
726 180464 179861 1638336280 MmL5sQcDmhnPFEF2disKuEVLtcyM7M8goWb 1500 5 679996.33965250 181.05994787
727 180545 179932 1638338395 MmfBgxzmosTSJekNYzQ9x85qed7FgT1AFYt 5 5 680001.33965250 0.60353315
728 180956 180312 1638349938 MmRovVyMfB5diuUNaLNVZYpH98jkpG574ye 50 5 680051.33965250 6.03533159
729 181199 180537 1638356336 MmaXQdHQSMYa1xCgYTvvsvpShbeRP52fz1p 1000 5 681051.33965250 120.70663191
730 181528 180853 1638366141 MmLQB7g7VsLxo882fL4iEtLTyMrzevoCMQA 500 5 681551.33965250 60.35331595
731 182967 182272 1638409301 MmTcWSYjy6UeZHjR5mvWSLHfoTPvKxDdcQ5 200 5 681751.33965250 24.14132638
732 183469 182711 1638421949 MmcsGFC6KgG3JYq41jVQnumtnxy4Ygp2bkk 800 5 682551.33965250 96.56530553
733 183675 182894 1638427465 Mme9FvNU6MBmJ5YVx6SYo7HiJAYLuLPY5mD 17 5 682568.33965250 2.05201274
734 183677 182896 1638427525 MmbnHWGc4qG1soJNb7ASovCzWMhwfE4moZL 40 5 682608.33965250 4.82826527
735 184244 183422 1638445132 MmWSXnMoxiZuma4D7TYpQZ6uLFYpiXa8c8X 200 5 682808.33965250 24.14132638
736 184327 183505 1638448242 MmRrs85KK9bUXHJuc31MgWpVDLiQuYgYvgt 8.5 5 682816.83965250 1.02600637
737 184417 183594 1638451124 MmgsY7WVihvTQuyWqnR1Cxy1mHSTrhPwKua 500 5 683316.83965250 60.35331595
738 184450 183627 1638452187 MmUdogbijCH4FcmifHZXrvNLPvoJuPjaqmz 1000 5 684316.83965250 120.70663191
739 185398 184574 1638480735 MmNCXReEaFeMsFdBtrEqKqB1ryk5QLG7kMv 1000 5 685316.83965250 120.70663191
740 186218 185387 1638504610 Mma84KVNJ1GH79uswDCyc5rUijzbrErD15q 500 5 685816.83965250 60.35331595
741 186348 185509 1638508010 MmYrMzJ3UepsVW6Bb9nrC6tit6jzLMwzyWj 84 5 685900.83965250 10.13935708
742 186544 185699 1638514043 MmWgKrQS1gWPempAVfqBZpUwxCkPF4jsEps 200 5 686100.83965250 24.14132638
743 186628 185783 1638516276 Mma9ezvbzSYNLEXPasWokx1GaoDtUNe1682 46 5 686146.83965250 5.55250506
744 187182 186333 1638533183 Mmah1RLFDExUR6WpSynQZ3VXRJCDtxMUjb4 1000 5 687146.83965250 120.70663191
745 188390 187524 1638568371 MmRovVyMfB5diuUNaLNVZYpH98jkpG574ye 50 5 687196.83965250 6.03533159
746 189181 188295 1638591328 MmYvVNquDGNv3fiUa6edJda3oFib6TQwWty 486.999 5 687683.83865250 58.78400903
747 189959 188981 1638611532 MmRovVyMfB5diuUNaLNVZYpH98jkpG574ye 50 5 687733.83865250 6.03533159
748 190063 189070 1638614134 MmL5sQcDmhnPFEF2disKuEVLtcyM7M8goWb 1.86 5 687735.69865250 0.22451433
749 190136 189143 1638616239 MmTomM8cApgqLU7GQffep3o63KZsZZ59x2m 500 5 688235.69865250 60.35331595
750 190304 189306 1638621249 MmiFN1oH8urXTencsxWPLCLAAYHTndTczzg 3500 5 691735.69865250 422.47321169
751 190348 189346 1638622466 MmWsDVQRAL3ooKB1yJwyvuMNvxNvYiFMMNu 500 5 692235.69865250 60.35331595
752 191907 190881 1638668886 MmaJ2tfSchbPCks8sGZDnp2fsKhmfNEJQCm 58.6 5 692294.29865250 7.07340863
753 192556 191427 1638684922 MmQviHdogq5s1S2ACumxDUpfFghPHCnJ3h3 2 5 692296.29865250 0.24141326
754 192714 191553 1638688546 MmfvxtLu4JxDSt73L2taDqcPgGTiErCtQcS 500 5 692796.29865250 60.35331595
755 193103 191874 1638698362 MmdUt3quMgwKJ2Kve36ZGqru2VMyoD5bfzF 1000 5 693796.29865250 120.70663191
756 193206 191962 1638701292 Mmd1URYKeiiSxbu2mkoYepBuRjus1utwbM2 1500 5 695296.29865250 181.05994787
757 193251 192005 1638702602 MmPLPWWXHriH2n3gA6RqmfYUtRRFtKTc5DV 418.63 5 695714.92865250 50.53141731
758 193355 192109 1638705786 MmivCur3s1PnaGNxQpxrHxbiNVLgt3kPkwo 178.3 5 695893.22865250 21.52199247
759 193591 192336 1638712189 Mmh5HVDaAkZHmNTwJe1csrMUQbUtabfchoM 10 5 695903.22865250 1.20706631
760 193624 192367 1638712982 MmQrd3iSHZKryrTnyGfiHQ6xtyjKWTtgpAR 45000 5 740903.22865250 5431.79843613
761 195012 193746 1638754810 MmPLPWWXHriH2n3gA6RqmfYUtRRFtKTc5DV 30.488 5 740933.71665250 3.68010379
762 195090 193822 1638757400 MmP4xhitsu4J6dDrAs7afmznotBX4aCu3wR 49.82 5 740983.53665250 6.01360440
763 195494 194173 1638768510 Mmcb3qG8yRXfRcZ85UZXKoqC7yRykhTiq7U 212 5 741195.53665250 25.58980596
764 196010 194567 1638779840 MmWjoibMmPLG6e3ZZKXbK6Y7E6vpXqrtJuh 5000 5 746195.53665250 603.53315957
765 196440 194919 1638790031 MmMvXPVM6mphk4xg2d5WGhLEKzQ2ALqAq9o 210 5 746405.53665250 25.34839270
766 196594 195045 1638793867 MmbyzgUMHJeiHfhgUWpghdKpUDb7DkyXRqt 4500 5 750905.53665250 543.17984361
767 197006 195430 1638804930 MmiFN1oH8urXTencsxWPLCLAAYHTndTczzg 1000 5 751905.53665250 120.70663191
768 197018 195438 1638805177 MmNkqvsAXgRhqZat549yoDzFxeFjYc1AEhE 414 5 752319.53665250 49.97254561
769 197062 195478 1638806661 MmTRRA5a137nWC2khc7sxhiVtct5CkFNw3C 3 5 752322.53665250 0.36211989
770 197187 195593 1638810309 MmfMDdLdxycAeUUpQmo6bC2it7aM5tCeEcE 4900 5 757222.53665250 591.46249637
771 198694 197004 1638852841 MmimBJ4cem7ZUvyLt3BS4G4Vz3qMA7Ubfxq 12.86013889 5 757235.39679139 1.55230405
772 198992 197235 1638859591 MmKyXQezZsz2MfHfojkJeuxhPKd2Cyy96L6 500 5 757735.39679139 60.35331595
773 199002 197244 1638859892 MmNkqvsAXgRhqZat549yoDzFxeFjYc1AEhE 186 5 757921.39679139 22.45143353
774 199597 197710 1638873673 MmLH1F6S3iNPwE12mhNRqcoHGxYiiWstD9d 2500 5 760421.39679139 301.76657978
775 199850 197912 1638879864 MmY5eGMm7FyNQ4mBfXhP4AvvuYqe1htnBZN 500 5 760921.39679139 60.35331595
776 201977 199867 1638938244 MmeRJwnpKThkfBwY4xGqo4MgVeMwwJ1iqUX 109 4 761030.39679139 10.52561830
777 202431 200232 1638949607 MmXHbwV4PVRhnfPYA2Zqa4af7MJsZH3HuuK 28 4 761058.39679139 2.70382855
778 202482 200271 1638950703 MmWgKrQS1gWPempAVfqBZpUwxCkPF4jsEps 500 4 761558.39679139 48.28265276
779 202932 200632 1638961676 MmNkqvsAXgRhqZat549yoDzFxeFjYc1AEhE 498 4 762056.39679139 48.08952215
780 203020 200711 1638964018 MmhbU4qoj3tabg7XkENevyrFxqCmZPLF9Cc 28 4 762084.39679139 2.70382855
781 203176 200841 1638968238 MmVsfChfXVWULSrZUpH5BrZ76uDuQa9Wn5T 185 4 762269.39679139 17.86458152
782 204994 202509 1639018162 MmXHbwV4PVRhnfPYA2Zqa4af7MJsZH3HuuK 14 4 762283.39679139 1.35191427
783 205326 202806 1639027346 MmX1tn2yNBVT3iGnX4U4wXPAyzzJZuJTvSD 500 4 762783.39679139 48.28265276
784 205448 202909 1639030252 MmVBSibBfxFLMvrGKNoTD6VJWGYMmDxXEQj 1000 4 763783.39679139 96.56530553
785 205611 203058 1639034468 MmUZdQHKKiZm2gpfNYvJxX4xRZn5N5MmSho 1000 4 764783.39679139 96.56530553
786 207927 205038 1639093883 MmLQB7g7VsLxo882fL4iEtLTyMrzevoCMQA 500 4 765283.39679139 48.28265276
787 208230 205305 1639102268 MmguKTvDdpq668U4DfsUFZXVBYjKYbha5pn 1000 4 766283.39679139 96.56530553
788 208442 205468 1639107216 MmPUKh93iWEFtgbQH6pSJeMyahdtvSZT4PF 501 4 766784.39679139 48.37921807
789 208451 205476 1639107402 MmNkVXfVtKXp9pVxPuUHQqvtnen4D331rrE 500 4 767284.39679139 48.28265276
790 208459 205482 1639107773 MmLUPq8HMfz8dk9P28dG86SoVXYjLJ8weGu 50 4 767334.39679139 4.82826527
791 208897 205825 1639117987 MmgXqUQc6TZEfyZPMefVaVJpudBvVGF6a2c 29 4 767363.39679139 2.80039386
792 209278 206128 1639126506 MmLu9DUDSaLT34vA8GCBimPmFHiCn77Ti7k 11 4 767374.39679139 1.06221836
793 209296 206143 1639127147 MmbqCrqt2kZCM3j1ax1Fp15N6sH7HbG3Dtj 50 4 767424.39679139 4.82826527
794 211399 208079 1639187959 MmQSVkrv57wjDJ9VYpJmsWyj5ni8eyYAqsg 1000 4 768424.39679139 96.56530553
795 211768 208428 1639197936 MmNSmWkZHzoXTnPgKFe5qvRZjuCS6aXkPaY 110 4 768534.39679139 10.62218360
796 211911 208564 1639202389 MmX5a4NG8SJKTyPrMeUtXAX1s8j6ZhCmm7J 600 4 769134.39679139 57.93918331
797 212060 208703 1639206737 MmNRKy2BQLH9BRQHxUhEBEWhrnVxeSXLgJf 70 4 769204.39679139 6.75957138
798 212558 209171 1639220685 MmSXTLNDuyNULDhhzb3JoxgJMjDtGSfGjER 500 4 769704.39679139 48.28265276
799 213772 210374 1639256890 MmXHbwV4PVRhnfPYA2Zqa4af7MJsZH3HuuK 30 4 769734.39679139 2.89695916
800 214368 210955 1639273052 MmRVVBWNn2td24Lp4yPwd5w9peqNfxZBVWn 500 4 770234.39679139 48.28265276
801 214860 211406 1639286181 MmaJ2tfSchbPCks8sGZDnp2fsKhmfNEJQCm 68.8 4 770303.19679139 6.64369302
802 214959 211497 1639289037 MmWSXnMoxiZuma4D7TYpQZ6uLFYpiXa8c8X 100 4 770403.19679139 9.65653055
803 215327 211817 1639298418 MmN3naE5eGGaveXQxvgWs3mnwDvSegyUeey 1000 4 771403.19679139 96.56530553
804 215327 211817 1639298464 MmVka7EtUVq8u8wNqmBor4nBui7SpAUk9Gt 1000 4 772403.19679139 96.56530553
805 215615 212061 1639305821 Mmh9ynK4XVK4zRPFFQgkYBuxjMBDBNne9KE 0.001 4 772403.19779139 0.00009656
806 215897 212338 1639314203 MmQLA1CGoW6kSuW6BE3Q9KM5PxDmEK1iyLz 55 4 772458.19779139 5.31109180
807 217725 214048 1639365895 MmdgMa2oBET9xS3ZY9H6WuPqQfmiS71qbSY 611.5 4 773069.69779139 59.04968433
808 217955 214229 1639370657 MmWgKrQS1gWPempAVfqBZpUwxCkPF4jsEps 100 4 773169.69779139 9.65653055
809 220814 216728 1639446242 MmSBoy37jGkkMTE1sk7L9KfVqrFm8khf71W 116.49 3 773286.18779139 8.43666933
810 221659 217460 1639467904 MmhczbvAAGh9NkQt95XgaUtVSjCYjUGURv3 170 3 773456.18779139 12.31207645
811 222079 217829 1639479024 MmgryJ1hy4zFpsA74XC6xD9zv5RUZbfhRMP 1500 3 774956.18779139 108.63596872
812 224676 220181 1639550501 MmRVVBWNn2td24Lp4yPwd5w9peqNfxZBVWn 500 3 775456.18779139 36.21198957
813 224862 220316 1639554094 MmN3naE5eGGaveXQxvgWs3mnwDvSegyUeey 1000 3 776456.18779139 72.42397914
814 225195 220616 1639563819 MmczJNEQ3HpWDiDN94Wbo8hyFwm69vyjrZH 8500 3 784956.18779139 615.60382276
815 225760 221093 1639578186 MmhczbvAAGh9NkQt95XgaUtVSjCYjUGURv3 51 3 785007.18779139 3.69362293
816 225789 221113 1639578990 MmQCqqud2zWUeu1AKvFpgLpn3YC9H9WCrDT 407 3 785414.18779139 29.47655951
817 226068 221380 1639587144 MmTYpWVtbbJsNt4rFuUFbtdez7f61hPSZVN 100 3 785514.18779139 7.24239791
818 226077 221388 1639587534 MmT9wChLYSjadTkGpXpqVCXrdUk5bdh3MEm 100 3 785614.18779139 7.24239791
819 227863 223011 1639635699 MmUqSxeiX7cCs5tyjoznSzckoD1z34aXQv5 149.999 3 785764.18679139 10.86352444
820 229006 224038 1639666587 Mmi5a8ogNZX95X7sArxmPtL3nQHmE5q7vQR 12 3 785776.18679139 0.86908774
821 230906 225762 1639718248 MmNFV8WgmxHNCTApT2rWYB5bf9YFMPsgQTr 118 3 785894.18679139 8.54602953
822 233516 228198 1639793534 MmKyXQezZsz2MfHfojkJeuxhPKd2Cyy96L6 500 3 786394.18679139 36.21198957
823 233761 228428 1639800301 MmazENqv1mU9sy3C3VgKNUiVKAi2ewyZWiE 50.1 3 786444.28679139 3.62844135
824 233946 228593 1639805245 MmchK5bsiUcKMjkuiS48fNjEMSFuu4qYhk8 1000 3 787444.28679139 72.42397914
825 234169 228792 1639811398 MmVsfChfXVWULSrZUpH5BrZ76uDuQa9Wn5T 50 3 787494.28679139 3.62119895
826 234484 229082 1639819956 MmVka7EtUVq8u8wNqmBor4nBui7SpAUk9Gt 20000 3 807494.28679139 1448.47958296
827 234485 229083 1639819969 MmfneLY9u2vsQZThJeRA1mE5e1HVS94K7nT 1000 3 808494.28679139 72.42397914
828 235194 229761 1639840735 MmT9wChLYSjadTkGpXpqVCXrdUk5bdh3MEm 475 3 808969.28679139 34.40139009
829 240497 234692 1639987030 MmZfba8wgaQNbzbR6Ee2dEWviy819fNJzSA 500 2 809469.28679139 24.14132638
830 241302 235360 1640007949 MmUF5Egj8teMPNH2eWdRM2J1zFARSakFE5q 100 2 809569.28679139 4.82826527
831 241920 235951 1640025299 MmcbDymccGWpaNENukfaS9KbM5HiFkWoq5D 35 2 809604.28679139 1.68989284
832 242334 236355 1640037287 MmUZdQHKKiZm2gpfNYvJxX4xRZn5N5MmSho 1500 2 811104.28679139 72.42397914
833 242643 236656 1640046112 MmKyXQezZsz2MfHfojkJeuxhPKd2Cyy96L6 1000 2 812104.28679139 48.28265276
834 243114 237025 1640057874 MmcDCKNwcr3Se36ZcA1qyDSUovQBvKngjuy 0.366 2 812104.65279139 0.01767145
835 243579 237352 1640067876 MmRRTT11wPL2mQxiCmdza9WAm9snzXR8Mcy 720 2 812824.65279139 34.76350999
836 243719 237460 1640070839 MmPLTR1gSP7ER8f52WriD1sTQMULLf9PnHU 203 2 813027.65279139 9.80137851
837 246092 239675 1640137289 MmZmBgsAELGUC1F6wn5jDC6h9HghKCCFphJ 1000 2 814027.65279139 48.28265276
838 246110 239689 1640137657 MmiAZpXeVFKjnYMd9EUoah5vbrrCgSF4WZ5 400 2 814427.65279139 19.31306110
839 246131 239706 1640138182 MmfXV9RQnfGbLrmqekeL5AfprscR3zcq3Kk 311 2 814738.65279139 15.01590501
840 246590 240033 1640147842 MmZW9mteGHYdcZtRLhPUnL9BorFGEYtdybi 905 2 815643.65279139 43.69580075
841 246850 240264 1640154853 MmNSmWkZHzoXTnPgKFe5qvRZjuCS6aXkPaY 120 2 815763.65279139 5.79391833
842 247039 240419 1640159501 MmZVo1zhkevQpGDsXqz5LQgmnodx5QH9mkB 500 2 816263.65279139 24.14132638
843 247205 240552 1640163500 MmN3naE5eGGaveXQxvgWs3mnwDvSegyUeey 1000 2 817263.65279139 48.28265276
844 247763 241053 1640178737 MmgqW999BEJQG4TgnpLQQghmM1NVVJWsjVy 794 2 818057.65279139 38.33642629
845 247889 241177 1640181944 MmX9RxuGeZmXFv2R3uGa4SUupEdry9NAJmF 230 2 818287.65279139 11.10501013
846 248352 241631 1640195632 MmVka7EtUVq8u8wNqmBor4nBui7SpAUk9Gt 2000 2 820287.65279139 96.56530553
847 249306 242557 1640223703 MmR7STCsZ7v5J4CWPieyP72fdB1vHqQCnHj 224 2 820511.65279139 10.81531421
848 249447 242666 1640227282 MmXHbwV4PVRhnfPYA2Zqa4af7MJsZH3HuuK 28 2 820539.65279139 1.35191427
849 249656 242822 1640232003 MmiGVLbmtnCQMMPMZk9iLpLdMf2HQJ463GT 315 2 820854.65279139 15.20903562
850 251094 244062 1640269129 MmchK5bsiUcKMjkuiS48fNjEMSFuu4qYhk8 3000 2 823854.65279139 144.84795829
851 252787 245638 1640319240 MmZVo1zhkevQpGDsXqz5LQgmnodx5QH9mkB 500 2 824354.65279139 24.14132638
852 252950 245766 1640322725 Mma9ezvbzSYNLEXPasWokx1GaoDtUNe1682 53.55 2 824408.20279139 2.58553605
853 255521 248159 1640393078 MmNCXReEaFeMsFdBtrEqKqB1ryk5QLG7kMv 1000 2 825408.20279139 48.28265276
854 255598 248226 1640395178 MmQLA1CGoW6kSuW6BE3Q9KM5PxDmEK1iyLz 150 2 825558.20279139 7.24239791
855 256051 248568 1640405334 MmRE1R5jU7u6vFb8CwULBDVrZwM8Mrt3X8T 39 2 825597.20279139 1.88302345
856 256770 249175 1640423452 MmVka7EtUVq8u8wNqmBor4nBui7SpAUk9Gt 1000 2 826597.20279139 48.28265276
857 257098 249445 1640431335 MmaAp4YyH1nqBQyBGNBZ4zrcM3AkEGTZTs8 2000 2 828597.20279139 96.56530553
858 257354 249672 1640438435 MmbWS3CimuWwveKfhToxEMyUdHHjbXgSFvb 500 2 829097.20279139 24.14132638
859 259584 251641 1640498161 MmT9wChLYSjadTkGpXpqVCXrdUk5bdh3MEm 549 2 829646.20279139 26.50717636
860 259800 251817 1640504089 MmNeYZnxcoygSZ9Fnr8twhYsgE6FXCE83re 200 2 829846.20279139 9.65653055
861 260261 252214 1640515478 MmQVeCYqCB7LNmmx8WBgcXRDwLsfn29EWH9 484 1 830330.20279139 11.68440196
862 260281 252228 1640515933 MmLGSSYQh13BGBh6bGGmvpKRbYVUoJnxmqc 1000 1 831330.20279139 24.14132638
863 262372 254167 1640574018 MmZKUSnb4oGQALYNkfC4buKYRvKXXpWC8Qp 768 1 832098.20279139 18.54053866
864 262820 254516 1640584799 MmhbU4qoj3tabg7XkENevyrFxqCmZPLF9Cc 100 1 832198.20279139 2.41413263
865 263465 255051 1640600537 MmcAeVfCvuctkewkDxzUdwXcAHxqSwDDzxo 1300 1 833498.20279139 31.38372429
866 265604 257032 1640663417 Mme127pugaMw8dQv5e6EZpPdWiEHqcBfAVQ 50 1 833548.20279139 1.20706631
867 268099 259328 1640730134 MmW3JBbvN31ZqjuV4B2HcPKaW1fzWKPE6ct 13 1 833561.20279139 0.31383724
868 268889 260001 1640750423 Mmgysbae5q8DMRC5sWFpR7bX8QuVaYgYqfY 424 1 833985.20279139 10.23592238
869 268995 260077 1640752487 MmXHbwV4PVRhnfPYA2Zqa4af7MJsZH3HuuK 50 1 834035.20279139 1.20706631
870 269083 260142 1640754515 MmQVD9ZkW2MznvhBiRD1Ycb3KgMZw7WB3b5 1000 1 835035.20279139 24.14132638
871 269144 260196 1640756338 MmfBSxK6o4hzTXArtvtfwURvLkcEL2mdEDx 210 1 835245.20279139 5.06967854
872 269523 260501 1640765463 MmidLgv1wUCFwATXi9fWpiuTUg51TsbRiv7 1003 1 836248.20279139 24.21375036
873 269569 260534 1640766731 Mma84KVNJ1GH79uswDCyc5rUijzbrErD15q 1500 1 837748.20279139 36.21198957
874 269697 260644 1640769561 MmVka7EtUVq8u8wNqmBor4nBui7SpAUk9Gt 1000 1 838748.20279139 24.14132638
875 270357 261212 1640786404 MmgMPvbacsoFqrZJcqhVm5aMSTVV5t3pVXB 1163 1 839911.20279139 28.07636258
876 271940 262688 1640831316 MmZJkhTjCUkTWzNDJeeqAez3nD6a5PJq7mu 32 1 839943.20279139 0.77252244
877 273576 264019 1640871026 MmisiZEqQd6Vwic7uoZEjRr3jZghCF44bkp 700 1 840643.20279139 16.89892846
878 275076 265454 1640914137 MmUoK7TCKdzfZLNGZggxaMhDdhuDs4w6Gdf 500 1 841143.20279139 12.07066319
879 275296 265596 1640918871 MmR3yfPYwtaWHmAxjSRWP5ymxH4HFtws39K 2000 1 843143.20279139 48.28265276
880 275516 265742 1640923297 MmYcg229AEtNdHB5BVpvvowkH6E4T2Cpmdh 500 1 843643.20279139 12.07066319
881 275942 266048 1640931924 MmT9wChLYSjadTkGpXpqVCXrdUk5bdh3MEm 210 1 843853.20279139 5.06967854
882 275974 266079 1640932887 MmRkGkzAtXoyYuP1kvCfxXPk5pGgPgfeKGQ 470 1 844323.20279139 11.34642339
883 276172 266213 1640937170 MmRRTT11wPL2mQxiCmdza9WAm9snzXR8Mcy 520 1 844843.20279139 12.55348971
884 276188 266224 1640937514 MmVsfChfXVWULSrZUpH5BrZ76uDuQa9Wn5T 68 1 844911.20279139 1.64161019
885 276266 266289 1640939217 Mmis9Eue6SEyg5djSAWwdhWyT4AeCVikm65 501 1 845412.20279139 12.09480451
886 276481 266458 1640944711 MmS2z9EZytZGw4iKnTJaPUCfSFfEixjDsip 114 1 845526.20279139 2.75211120
887 276620 266585 1640948357 MmPLTR1gSP7ER8f52WriD1sTQMULLf9PnHU 127 1 845653.20279139 3.06594845
888 277068 266988 1640960990 MmbWS3CimuWwveKfhToxEMyUdHHjbXgSFvb 500 1 846153.20279139 12.07066319
889 277209 267105 1640964239 MmXHbwV4PVRhnfPYA2Zqa4af7MJsZH3HuuK 50 1 846203.20279139 1.20706631
890 278366 268243 1640998191 MmhbU4qoj3tabg7XkENevyrFxqCmZPLF9Cc 72 1 846275.20279139 1.73817549
891 278550 268374 1641003833 MmZYrC2CKGNaUPFy82gueprG1N59WMprH5A 7000 1 853275.20279139 168.98928467
892 279030 268658 1641010960 MmZv4fpJeoVeRr7S5n34UmZNatLWu1usqem 109 1 853384.20279139 2.63140457
