1 3369 3365 Mmf93CE9Cvvf3chYYn1okcBFB22u5wH2dyg 1000.00000000 161.27894129
2 41827 41814 Mmh8noAj4bQLe7wyKmsBSfWKtFgfuZPB6TD 7000.00000000 1128.95258903
3 41873 41860 Mmh8noAj4bQLe7wyKmsBSfWKtFgfuZPB6TD 6500.00000000 1048.31311839
4 42334 42321 Mmh8noAj4bQLe7wyKmsBSfWKtFgfuZPB6TD 1500.00000000 241.91841193
5 42338 42325 Mmh8noAj4bQLe7wyKmsBSfWKtFgfuZPB6TD 1000.00000000 161.27894129
6 42345 42332 Mmh8noAj4bQLe7wyKmsBSfWKtFgfuZPB6TD 1500.00000000 241.91841193
7 42355 42342 Mmh8noAj4bQLe7wyKmsBSfWKtFgfuZPB6TD 17500.00000000 2822.38147259
8 42363 42350 Mmh8noAj4bQLe7wyKmsBSfWKtFgfuZPB6TD 5000.00000000 806.39470645
9 42380 42367 Mmh8noAj4bQLe7wyKmsBSfWKtFgfuZPB6TD 1500.00000000 241.91841193
10 42760 42747 MmRddd3hfCfvrYmFe1uYxzJ7cpKDFQDLNbC 5000.00000000 806.39470645
11 43893 43880 MmRddd3hfCfvrYmFe1uYxzJ7cpKDFQDLNbC 1500.00000000 241.91841193
12 43898 43885 MmRddd3hfCfvrYmFe1uYxzJ7cpKDFQDLNbC 2000.00000000 322.55788258
13 45919 45906 Mmg746Tp5gyHZvpi4kdETv8A6Z7NtbEPn2z 1.00000000 0.16127894
14 48515 48502 MmRddd3hfCfvrYmFe1uYxzJ7cpKDFQDLNbC 3500.00000000 564.47629451
15 48518 48505 MmRddd3hfCfvrYmFe1uYxzJ7cpKDFQDLNbC 1000.00000000 161.27894129
16 51139 51126 MmRddd3hfCfvrYmFe1uYxzJ7cpKDFQDLNbC 2000.00000000 322.55788258
17 53678 53665 MmfSJEAoDbjFzvSZoVVEuCtTCiuxm6QBCeR 108.00000000 17.41812565
18 54104 54091 Mmh8noAj4bQLe7wyKmsBSfWKtFgfuZPB6TD 5000.00000000 806.39470645
19 57687 57674 MmLu9DUDSaLT34vA8GCBimPmFHiCn77Ti7k 500.00000000 80.63947064
20 57720 57707 MmgQBFaZbmUxP5KjFYewb6NdWhgdj3nbtn2 900.00000000 145.15104716
21 57723 57710 MmRDnoBFpGV6cH1TyJetvVwxqDfpoas2uFD 0.50000000 0.08063947
22 57777 57764 Mmbyn3QvdrQZChT2QNbaZQxNFccpToz2inE 1000.00000000 161.27894129
23 59586 59573 MmdJaFV2ajr64kAL4V1Qt9txHrX2yg5fzNL 990.00000000 159.66615187
24 59747 59734 MmbBhxR9DNsTAxSb9fkeza31LSpVt6p8kba 10000.00000000 1612.78941291
25 59802 59789 MmYUU3KcFHXXe6Z415WLYH31rko6b1eh4wS 1000.00000000 161.27894129
26 59806 59793 MmTvX6LJRRhLVdj6x6bzwejf5Yk2CbqtjR1 1000.00000000 161.27894129
27 59825 59812 MmcXsT3NSAyQmmacrBuYtUeMH3pqiYABCpC 200.00000000 32.25578825
28 59829 59816 MmT9wChLYSjadTkGpXpqVCXrdUk5bdh3MEm 99.00000000 15.96661518
29 59956 59943 MmKsJGj5vHSFLmmPeMatTiKXMSTagHx3cdE 10000.00000000 1612.78941291
30 60855 60842 MmfPRsX5kz6n1dsn7UG18Qjz5sT6JVM4Bzs 200.00000000 32.25578825
31 61912 61899 MmWQ154JfrGbFW1KrjPVrPetr7X9DDvToqy 300.00000000 48.38368238
32 62709 62696 MmTzk11ShsQi3kYGNbjN3mxkiixKX74MfnW 500.00000000 80.63947064
33 62738 62725 MmRovVyMfB5diuUNaLNVZYpH98jkpG574ye 30.00000000 4.83836823
34 63240 63227 MmTA7j1Jvm9eKpLYXocwKvQsJ9BBp2X8a4j 73.00000000 11.77336271
35 63424 63411 MmTJYKQHZjKkiSCYQPVxMKB8dFzTLfivCxQ 50.00000000 8.06394706
36 65432 65419 MmZK62ew7q6LXs8bdrtspTd9z2Dw4mhTs81 201.00000000 32.41706719
37 66286 66273 MmNviYQthctB9tmME78AW2nprJCCpqTptw7 60.00000000 9.67673647
38 66302 66289 MmTJYKQHZjKkiSCYQPVxMKB8dFzTLfivCxQ 50.00000000 8.06394706
39 68305 68292 MmcXsT3NSAyQmmacrBuYtUeMH3pqiYABCpC 500.00000000 80.63947064
40 71618 71605 MmheZL6SN8RhzTtLdN4bhK7GXCZCbNmvVyY 40.00000000 6.45115765
41 71872 71859 MmgSuw7uHMZves6K5UAE6wL1niMENMxGXge 1000.00000000 161.27894129
42 71893 71880 MmgSuw7uHMZves6K5UAE6wL1niMENMxGXge 999.00000000 161.11766235
43 72385 72372 MmSVtzp25G3PRsc2VYvJ1baogPHV2aKSG72 100.00000000 16.12789412
44 72397 72384 MmQeu2Qij8j37gu3qN21hxgG1k1p4XNFBEe 300.00000000 48.38368238
45 72600 72587 MmTQPrthUmF5xbuwNQs4aCKq9AbvuTaAJiC 0.00070000 0.00011289
46 73501 73488 MmNCXReEaFeMsFdBtrEqKqB1ryk5QLG7kMv 1000.00000000 161.27894129
47 74835 74822 MmbScLjRvv2sxsj8YNkHHRkQfZ6kofKt5Xx 200.00000000 32.25578825
48 75167 75154 MmaJ2tfSchbPCks8sGZDnp2fsKhmfNEJQCm 5.00000000 0.80639470
49 76894 76881 MmUesAcpTHzDwjkCsMtLRBrPMaEddC32u9o 1000.00000000 161.27894129
50 76895 76882 MmSeQzm7byCBQUGPHRfQXwk89B5gq7URoLT 999.00000000 161.11766235
51 76906 76893 MmUesAcpTHzDwjkCsMtLRBrPMaEddC32u9o 1000.00000000 161.27894129
52 76963 76950 Mmhjd2RwQzbmXzKjvDXNU6Hs4GWWCGhKBYD 499.00000000 80.47819170
53 78130 78117 Mme6P5vfTQ2KwuDEwhEHbuBmyCRtCJt9jFi 1000.00000000 161.27894129
54 79131 79118 MmS7bQcM6yDKc5UrynFZcN9RxSPiCZLBiFy 999.90000000 161.26281339
55 80196 80183 MmT1X5ekNjv683YckV8eLwTohr2KmoFHnw9 671.00000000 108.21816960
56 80908 80895 MmNL3fqDmxo89C1eMTp5zfWPmmVJG87z32t 2.99900000 0.48367554
57 80988 80975 MmheZL6SN8RhzTtLdN4bhK7GXCZCbNmvVyY 10.00000000 1.61278941
58 82478 82465 MmYkY79iP3zScFZ2jFp5zXTKW7MstRwYmEo 2.90000000 0.46770892
59 82627 82614 MmbEd9eFQjwRrKprKadaUnMMkg3SYA3eAmV 30.00000000 4.83836823
60 82632 82619 MmZb2pxDQtYY5QCD69dx43rM3d5JPdTjbCn 1266.00000000 204.17913967
61 82638 82625 MmVYoG5hQ5ANTvSb5y7LpzrXQf2d1e61qQr 100.00000000 16.12789412
62 82920 82907 MmWQ154JfrGbFW1KrjPVrPetr7X9DDvToqy 132.56219685 21.37949076
63 83021 83008 Mmbb6ThuS7YMQgNuqWNJnXugBJ47cW9wimK 500.00000000 80.63947064
64 83087 83074 Mmbb6ThuS7YMQgNuqWNJnXugBJ47cW9wimK 500.00000000 80.63947064
65 83699 83686 Mma84KVNJ1GH79uswDCyc5rUijzbrErD15q 2500.00000000 403.19735322
66 83770 83757 MmTJYKQHZjKkiSCYQPVxMKB8dFzTLfivCxQ 25.00000000 4.03197353
67 83971 83958 MmMPh1pauGG3k93ZSkgbyEsoM6iEQwowR6o 1000.00000000 161.27894129
68 84009 83996 MmMPh1pauGG3k93ZSkgbyEsoM6iEQwowR6o 999.99000000 161.27732850
69 84046 84033 MmPdHrY5dm1ztqLaFj8Fe2m2PjqR4fF6qg7 999.99000000 161.27732850
70 85538 85525 Mmf6sxKjvFZnwmjvEFw8D5T1Je1PD5L781y 500.00000000 80.63947064
71 85581 85568 MmhfJM7eiW4yCdedhSG3FxZnyMZX8Qus53z 0.05000000 0.00806394
72 85690 85677 Mmbb6ThuS7YMQgNuqWNJnXugBJ47cW9wimK 500.00000000 80.63947064
73 85693 85680 MmiLiuSNEfU1zZjhc3Xnhp9uZwdEMXg5KQK 501.00000000 80.80074958
74 85762 85749 MmNKboRciPdpfCWRafpAZ6W6u21ST34ZwmN 300.00000000 48.38368238
75 85764 85751 MmchK5bsiUcKMjkuiS48fNjEMSFuu4qYhk8 999.00000000 161.11766235
76 85907 85894 MmfFwmZMZpaxRGXC7eeND53W7ogybC7Z36A 270.00000000 43.54531414
77 85949 85936 MmT9wChLYSjadTkGpXpqVCXrdUk5bdh3MEm 87.00000000 14.03126789
78 85965 85952 MmMP7qSXAUak3SyzEtALtd7HH9FZzNxi6qZ 1000.00000000 161.27894129
79 86013 86000 Mmgcn516E1hHsrAwSF65yoBU8nGHaNnwf7n 2.90000000 0.46770892
80 86129 86116 Mmbyn3QvdrQZChT2QNbaZQxNFccpToz2inE 1000.00000000 161.27894129
81 86299 86286 MmUJsXuKDjoj1CFMffgDA5r7ctopJBexYay 500.00000000 80.63947064
82 86313 86300 MmVpCRY8HDq5Jm6sTxGUpP2TSkFDrdWHHcG 500.00000000 80.63947064
83 86346 86333 MmgiLn3C2pJoHFvJWsekdrFMY7U8et1psKK 500.00000000 80.63947064
84 86353 86340 MmMP7qSXAUak3SyzEtALtd7HH9FZzNxi6qZ 1000.00000000 161.27894129
85 86356 86343 MmNFLywZ2DbNyyte5mwXEV4EL88yVt9jW3h 500.00000000 80.63947064
86 86365 86352 MmXqhp8YxKuqKu88uFZ2F9koB8VQB8PEhWh 500.00000000 80.63947064
87 86395 86382 MmVsfChfXVWULSrZUpH5BrZ76uDuQa9Wn5T 87.00000000 14.03126789
88 86408 86395 MmTCzei9bE11GR4kZroY8pgXDCSh61VNv1u 500.00000000 80.63947064
89 86423 86410 MmSasqB3R1cG3UFQf2vK1z24ueMpQ46gir3 500.00000000 80.63947064
90 86430 86417 MmUya7ER51XDK9RxLkNXJWqRCwB5kKbW4nk 500.00000000 80.63947064
91 87891 87878 MmdUYVcpbZviqhfmpECjibiahC7D9bhEMpg 500.00000000 80.63947064
92 88080 88067 MmfFwmZMZpaxRGXC7eeND53W7ogybC7Z36A 30.00000000 4.83836823
93 88349 88336 MmaXQdHQSMYa1xCgYTvvsvpShbeRP52fz1p 50.00000000 8.06394706
94 88461 88448 MmdjjVhp5NNfoHmXc9muaywr5FiaswdGfMt 1000.00000000 161.27894129
95 88496 88483 Mmc3SKqDmGZqaKLdUYE6S6ufkJsorX4wf6U 0.00800000 0.00129023
96 88593 88580 MmfJRVdp1ZfhQnV9s1pEnPkeTKP7F41Yzbq 0.00070000 0.00011289
97 88636 88623 MmefBoxbSgopsKZgzCfPp7JdbfNki3Kx9Q3 200.00000000 32.25578825
98 88816 88803 MmdWkKnHxm8FEmrnqtG2dcmQujBCsYUF55b 500.00000000 80.63947064
99 88998 88985 MmTA7j1Jvm9eKpLYXocwKvQsJ9BBp2X8a4j 1465.75000000 236.39460819
100 89141 89128 MmQKu9HbTos6gD4wR2deErWTXdjR55vM3Sp 200.00000000 32.25578825
101 89151 89138 MmXhimpYtVC62sPEHGEipmRct4WUPJab4rK 200.00000000 32.25578825
102 89234 89221 MmVxJXWDHgNcu4KexzUmHYKHwm8ZsiR1CcS 545.00000000 87.89702300
103 89355 89342 MmMP7qSXAUak3SyzEtALtd7HH9FZzNxi6qZ 500.00000000 80.63947064
104 89361 89348 MmYZ2kMr3teFLN8JKFrsSPuZN8yyB7brwSB 1000.00000000 161.27894129
105 89514 89501 MmT9wChLYSjadTkGpXpqVCXrdUk5bdh3MEm 48.00000000 7.74138918
106 89645 89632 MmSSEfiNUjq6rExgFpyTV93gZ93yWedsry9 500.00000000 80.63947064
107 89670 89657 MmSSEfiNUjq6rExgFpyTV93gZ93yWedsry9 499.90000000 80.62334275
108 89676 89663 MmPrxa2koRxwemeaND52zi3bjemR7zZnT5Q 7199.00000000 1161.04709835
109 89784 89771 MmUmmioxptBBkYgLhBKgPdKJN4ra58FZGQB 1000.00000000 161.27894129
110 89982 89969 Mmb5rv26dnunUGMTQSMamnUmsyi38QsE8PS 100.00000000 16.12789412
