blockorder height txhash vinaddress voutaddress amount timeweight fundsweight totalamount volume
3369, 3365,  1633005748, Mmf93CE9Cvvf3chYYn1okcBFB22u5wH2dyg, MmQitmeerMainNetGuardAddressXd7b76q, 1000, 5, 500000000000, 1000.00000000, 500000000000
41827, 41814,  1634166087, Mmh8noAj4bQLe7wyKmsBSfWKtFgfuZPB6TD, MmQitmeerMainNetGuardAddressXd7b76q, 7000, 3, 2100000000000, 8000.00000000, 2600000000000
41873, 41860,  1634167440, Mmh8noAj4bQLe7wyKmsBSfWKtFgfuZPB6TD, MmQitmeerMainNetGuardAddressXd7b76q, 6500, 3, 1950000000000, 14500.00000000, 4550000000000
42334, 42321,  1634181398, Mmh8noAj4bQLe7wyKmsBSfWKtFgfuZPB6TD, MmQitmeerMainNetGuardAddressXd7b76q, 1500, 3, 450000000000, 16000.00000000, 5000000000000
42338, 42325,  1634181506, Mmh8noAj4bQLe7wyKmsBSfWKtFgfuZPB6TD, MmQitmeerMainNetGuardAddressXd7b76q, 1000, 3, 300000000000, 17000.00000000, 5300000000000
42345, 42332,  1634181684, Mmh8noAj4bQLe7wyKmsBSfWKtFgfuZPB6TD, MmQitmeerMainNetGuardAddressXd7b76q, 1500, 3, 450000000000, 18500.00000000, 5750000000000
42355, 42342,  1634181870, Mmh8noAj4bQLe7wyKmsBSfWKtFgfuZPB6TD, MmQitmeerMainNetGuardAddressXd7b76q, 17500, 3, 5250000000000, 36000.00000000, 11000000000000
42363, 42350,  1634182015, Mmh8noAj4bQLe7wyKmsBSfWKtFgfuZPB6TD, MmQitmeerMainNetGuardAddressXd7b76q, 5000, 3, 1500000000000, 41000.00000000, 12500000000000
42380, 42367,  1634182262, Mmh8noAj4bQLe7wyKmsBSfWKtFgfuZPB6TD, MmQitmeerMainNetGuardAddressXd7b76q, 1500, 3, 450000000000, 42500.00000000, 12950000000000
42760, 42747,  1634194225, MmRddd3hfCfvrYmFe1uYxzJ7cpKDFQDLNbC, MmQitmeerMainNetGuardAddressXd7b76q, 5000, 3, 1500000000000, 47500.00000000, 14450000000000
43893, 43880,  1634227912, MmRddd3hfCfvrYmFe1uYxzJ7cpKDFQDLNbC, MmQitmeerMainNetGuardAddressXd7b76q, 1500, 3, 450000000000, 49000.00000000, 14900000000000
43898, 43885,  1634228200, MmRddd3hfCfvrYmFe1uYxzJ7cpKDFQDLNbC, MmQitmeerMainNetGuardAddressXd7b76q, 2000, 3, 600000000000, 51000.00000000, 15500000000000
45919, 45906,  1634288684, Mmg746Tp5gyHZvpi4kdETv8A6Z7NtbEPn2z, MmQitmeerMainNetGuardAddressXd7b76q, 1, 3, 300000000, 51001.00000000, 15500300000000
48515, 48502,  1634366991, MmRddd3hfCfvrYmFe1uYxzJ7cpKDFQDLNbC, MmQitmeerMainNetGuardAddressXd7b76q, 3500, 3, 1050000000000, 54501.00000000, 16550300000000
48518, 48505,  1634367086, MmRddd3hfCfvrYmFe1uYxzJ7cpKDFQDLNbC, MmQitmeerMainNetGuardAddressXd7b76q, 1000, 3, 300000000000, 55501.00000000, 16850300000000
51139, 51126,  1634446603, MmRddd3hfCfvrYmFe1uYxzJ7cpKDFQDLNbC, MmQitmeerMainNetGuardAddressXd7b76q, 2000, 3, 600000000000, 57501.00000000, 17450300000000
53678, 53665,  1634523086, MmfSJEAoDbjFzvSZoVVEuCtTCiuxm6QBCeR, MmQitmeerMainNetGuardAddressXd7b76q, 108, 3, 32400000000, 57609.00000000, 17482700000000
54104, 54091,  1634536557, Mmh8noAj4bQLe7wyKmsBSfWKtFgfuZPB6TD, MmQitmeerMainNetGuardAddressXd7b76q, 5000, 2, 1000000000000, 62609.00000000, 18482700000000
57687, 57674,  1634644142, MmLu9DUDSaLT34vA8GCBimPmFHiCn77Ti7k, MmQitmeerMainNetGuardAddressXd7b76q, 500, 2, 100000000000, 63109.00000000, 18582700000000
57720, 57707,  1634645078, MmgQBFaZbmUxP5KjFYewb6NdWhgdj3nbtn2, MmQitmeerMainNetGuardAddressXd7b76q, 900, 2, 180000000000, 64009.00000000, 18762700000000
57723, 57710,  1634645172, MmRDnoBFpGV6cH1TyJetvVwxqDfpoas2uFD, MmQitmeerMainNetGuardAddressXd7b76q, 0.5, 2, 100000000, 64009.50000000, 18762800000000
57777, 57764,  1634646781, Mmbyn3QvdrQZChT2QNbaZQxNFccpToz2inE, MmQitmeerMainNetGuardAddressXd7b76q, 1000, 2, 200000000000, 65009.50000000, 18962800000000
59586, 59573,  1634700976, MmdJaFV2ajr64kAL4V1Qt9txHrX2yg5fzNL, MmQitmeerMainNetGuardAddressXd7b76q, 990, 2, 198000000000, 65999.50000000, 19160800000000
59747, 59734,  1634706533, MmbBhxR9DNsTAxSb9fkeza31LSpVt6p8kba, MmQitmeerMainNetGuardAddressXd7b76q, 10000, 2, 2000000000000, 75999.50000000, 21160800000000
59802, 59789,  1634708108, MmYUU3KcFHXXe6Z415WLYH31rko6b1eh4wS, MmQitmeerMainNetGuardAddressXd7b76q, 1000, 2, 200000000000, 76999.50000000, 21360800000000
59806, 59793,  1634708213, MmTvX6LJRRhLVdj6x6bzwejf5Yk2CbqtjR1, MmQitmeerMainNetGuardAddressXd7b76q, 1000, 2, 200000000000, 77999.50000000, 21560800000000
59825, 59812,  1634708674, MmcXsT3NSAyQmmacrBuYtUeMH3pqiYABCpC, MmQitmeerMainNetGuardAddressXd7b76q, 200, 2, 40000000000, 78199.50000000, 21600800000000
59829, 59816,  1634708832, MmT9wChLYSjadTkGpXpqVCXrdUk5bdh3MEm, MmQitmeerMainNetGuardAddressXd7b76q, 99, 2, 19800000000, 78298.50000000, 21620600000000
59956, 59943,  1634712417, MmKsJGj5vHSFLmmPeMatTiKXMSTagHx3cdE, MmQitmeerMainNetGuardAddressXd7b76q, 10000, 2, 2000000000000, 88298.50000000, 23620600000000
60855, 60842,  1634739944, MmfPRsX5kz6n1dsn7UG18Qjz5sT6JVM4Bzs, MmQitmeerMainNetGuardAddressXd7b76q, 200, 2, 40000000000, 88498.50000000, 23660600000000
61912, 61899,  1634771868, MmWQ154JfrGbFW1KrjPVrPetr7X9DDvToqy, MmQitmeerMainNetGuardAddressXd7b76q, 300, 2, 60000000000, 88798.50000000, 23720600000000
62709, 62696,  1634795866, MmTzk11ShsQi3kYGNbjN3mxkiixKX74MfnW, MmQitmeerMainNetGuardAddressXd7b76q, 500, 2, 100000000000, 89298.50000000, 23820600000000
62738, 62725,  1634796686, MmRovVyMfB5diuUNaLNVZYpH98jkpG574ye, MmQitmeerMainNetGuardAddressXd7b76q, 30, 2, 6000000000, 89328.50000000, 23826600000000
63240, 63227,  1634811748, MmTA7j1Jvm9eKpLYXocwKvQsJ9BBp2X8a4j, MmQitmeerMainNetGuardAddressXd7b76q, 73, 2, 14600000000, 89401.50000000, 23841200000000
63424, 63411,  1634816846, MmTJYKQHZjKkiSCYQPVxMKB8dFzTLfivCxQ, MmQitmeerMainNetGuardAddressXd7b76q, 50, 2, 10000000000, 89451.50000000, 23851200000000
65432, 65419,  1634878107, MmZK62ew7q6LXs8bdrtspTd9z2Dw4mhTs81, MmQitmeerMainNetGuardAddressXd7b76q, 201, 2, 40200000000, 89652.50000000, 23891400000000
66286, 66273,  1634903722, MmNviYQthctB9tmME78AW2nprJCCpqTptw7, MmQitmeerMainNetGuardAddressXd7b76q, 60, 2, 12000000000, 89712.50000000, 23903400000000
66302, 66289,  1634904167, MmTJYKQHZjKkiSCYQPVxMKB8dFzTLfivCxQ, MmQitmeerMainNetGuardAddressXd7b76q, 50, 2, 10000000000, 89762.50000000, 23913400000000
68305, 68292,  1634964081, MmcXsT3NSAyQmmacrBuYtUeMH3pqiYABCpC, MmQitmeerMainNetGuardAddressXd7b76q, 500, 2, 100000000000, 90262.50000000, 24013400000000
71618, 71605,  1635063653, MmheZL6SN8RhzTtLdN4bhK7GXCZCbNmvVyY, MmQitmeerMainNetGuardAddressXd7b76q, 40, 2, 8000000000, 90302.50000000, 24021400000000
71872, 71859,  1635072147, MmgSuw7uHMZves6K5UAE6wL1niMENMxGXge, MmQitmeerMainNetGuardAddressXd7b76q, 1000, 2, 200000000000, 91302.50000000, 24221400000000
71893, 71880,  1635072606, MmgSuw7uHMZves6K5UAE6wL1niMENMxGXge, MmQitmeerMainNetGuardAddressXd7b76q, 999, 2, 199800000000, 92301.50000000, 24421200000000
72385, 72372,  1635086209, MmSVtzp25G3PRsc2VYvJ1baogPHV2aKSG72, MmQitmeerMainNetGuardAddressXd7b76q, 100, 1, 10000000000, 92401.50000000, 24431200000000
72397, 72384,  1635086472, MmQeu2Qij8j37gu3qN21hxgG1k1p4XNFBEe, MmQitmeerMainNetGuardAddressXd7b76q, 300, 1, 30000000000, 92701.50000000, 24461200000000
72600, 72587,  1635092692, MmTQPrthUmF5xbuwNQs4aCKq9AbvuTaAJiC, MmQitmeerMainNetGuardAddressXd7b76q, 0.0007, 1, 70000, 92701.50070000, 24461200070000
73501, 73488,  1635120051, MmNCXReEaFeMsFdBtrEqKqB1ryk5QLG7kMv, MmQitmeerMainNetGuardAddressXd7b76q, 1000, 1, 100000000000, 93701.50070000, 24561200070000
74835, 74822,  1635160421, MmbScLjRvv2sxsj8YNkHHRkQfZ6kofKt5Xx, MmQitmeerMainNetGuardAddressXd7b76q, 200, 1, 20000000000, 93901.50070000, 24581200070000
75167, 75154,  1635170461, MmaJ2tfSchbPCks8sGZDnp2fsKhmfNEJQCm, MmQitmeerMainNetGuardAddressXd7b76q, 5, 1, 500000000, 93906.50070000, 24581700070000
76894, 76881,  1635222774, MmUesAcpTHzDwjkCsMtLRBrPMaEddC32u9o, MmQitmeerMainNetGuardAddressXd7b76q, 1000, 1, 100000000000, 94906.50070000, 24681700070000
76895, 76882,  1635222846, MmSeQzm7byCBQUGPHRfQXwk89B5gq7URoLT, MmQitmeerMainNetGuardAddressXd7b76q, 999, 1, 99900000000, 95905.50070000, 24781600070000
76906, 76893,  1635223179, MmUesAcpTHzDwjkCsMtLRBrPMaEddC32u9o, MmQitmeerMainNetGuardAddressXd7b76q, 1000, 1, 100000000000, 96905.50070000, 24881600070000
76963, 76950,  1635224724, Mmhjd2RwQzbmXzKjvDXNU6Hs4GWWCGhKBYD, MmQitmeerMainNetGuardAddressXd7b76q, 499, 1, 49900000000, 97404.50070000, 24931500070000
78130, 78117,  1635259541, Mme6P5vfTQ2KwuDEwhEHbuBmyCRtCJt9jFi, MmQitmeerMainNetGuardAddressXd7b76q, 1000, 1, 100000000000, 98404.50070000, 25031500070000
79131, 79118,  1635289751, MmS7bQcM6yDKc5UrynFZcN9RxSPiCZLBiFy, MmQitmeerMainNetGuardAddressXd7b76q, 999.9, 1, 99990000000, 99404.40070000, 25131490070000
80196, 80183,  1635321325, MmT1X5ekNjv683YckV8eLwTohr2KmoFHnw9, MmQitmeerMainNetGuardAddressXd7b76q, 671, 1, 67100000000, 100075.40070000, 25198590070000
80908, 80895,  1635343049, MmNL3fqDmxo89C1eMTp5zfWPmmVJG87z32t, MmQitmeerMainNetGuardAddressXd7b76q, 2.999, 1, 299900000, 100078.39970000, 25198889970000
80988, 80975,  1635345513, MmheZL6SN8RhzTtLdN4bhK7GXCZCbNmvVyY, MmQitmeerMainNetGuardAddressXd7b76q, 10, 1, 1000000000, 100088.39970000, 25199889970000
82478, 82465,  1635390652, MmYkY79iP3zScFZ2jFp5zXTKW7MstRwYmEo, MmQitmeerMainNetGuardAddressXd7b76q, 2.9, 1, 290000000, 100091.29970000, 25200179970000
82627, 82614,  1635395567, MmbEd9eFQjwRrKprKadaUnMMkg3SYA3eAmV, MmQitmeerMainNetGuardAddressXd7b76q, 30, 1, 3000000000, 100121.29970000, 25203179970000
82632, 82619,  1635395715, MmZb2pxDQtYY5QCD69dx43rM3d5JPdTjbCn, MmQitmeerMainNetGuardAddressXd7b76q, 1266, 1, 126600000000, 101387.29970000, 25329779970000
82638, 82625,  1635395906, MmVYoG5hQ5ANTvSb5y7LpzrXQf2d1e61qQr, MmQitmeerMainNetGuardAddressXd7b76q, 100, 1, 10000000000, 101487.29970000, 25339779970000
82920, 82907,  1635404134, MmWQ154JfrGbFW1KrjPVrPetr7X9DDvToqy, MmQitmeerMainNetGuardAddressXd7b76q, 132.56219685, 1, 13256219685, 101619.86189685, 25353036189685
83021, 83008,  1635407254, Mmbb6ThuS7YMQgNuqWNJnXugBJ47cW9wimK, MmQitmeerMainNetGuardAddressXd7b76q, 500, 1, 50000000000, 102119.86189685, 25403036189685
83087, 83074,  1635409036, Mmbb6ThuS7YMQgNuqWNJnXugBJ47cW9wimK, MmQitmeerMainNetGuardAddressXd7b76q, 500, 1, 50000000000, 102619.86189685, 25453036189685
83699, 83686,  1635427231, Mma84KVNJ1GH79uswDCyc5rUijzbrErD15q, MmQitmeerMainNetGuardAddressXd7b76q, 2500, 1, 250000000000, 105119.86189685, 25703036189685
83770, 83757,  1635429497, MmTJYKQHZjKkiSCYQPVxMKB8dFzTLfivCxQ, MmQitmeerMainNetGuardAddressXd7b76q, 25, 1, 2500000000, 105144.86189685, 25705536189685
83971, 83958,  1635435465, MmMPh1pauGG3k93ZSkgbyEsoM6iEQwowR6o, MmQitmeerMainNetGuardAddressXd7b76q, 1000, 1, 100000000000, 106144.86189685, 25805536189685
84009, 83996,  1635436658, MmMPh1pauGG3k93ZSkgbyEsoM6iEQwowR6o, MmQitmeerMainNetGuardAddressXd7b76q, 999.99, 1, 99999000000, 107144.85189685, 25905535189685
84046, 84033,  1635437444, MmPdHrY5dm1ztqLaFj8Fe2m2PjqR4fF6qg7, MmQitmeerMainNetGuardAddressXd7b76q, 999.99, 1, 99999000000, 108144.84189685, 26005534189685
85538, 85525,  1635483223, Mmf6sxKjvFZnwmjvEFw8D5T1Je1PD5L781y, MmQitmeerMainNetGuardAddressXd7b76q, 500, 1, 50000000000, 108644.84189685, 26055534189685
85581, 85568,  1635484398, MmhfJM7eiW4yCdedhSG3FxZnyMZX8Qus53z, MmQitmeerMainNetGuardAddressXd7b76q, 0.05, 1, 5000000, 108644.89189685, 26055539189685
85690, 85677,  1635487045, Mmbb6ThuS7YMQgNuqWNJnXugBJ47cW9wimK, MmQitmeerMainNetGuardAddressXd7b76q, 500, 1, 50000000000, 109144.89189685, 26105539189685
85693, 85680,  1635487085, MmiLiuSNEfU1zZjhc3Xnhp9uZwdEMXg5KQK, MmQitmeerMainNetGuardAddressXd7b76q, 501, 1, 50100000000, 109645.89189685, 26155639189685
85762, 85749,  1635489776, MmNKboRciPdpfCWRafpAZ6W6u21ST34ZwmN, MmQitmeerMainNetGuardAddressXd7b76q, 300, 1, 30000000000, 109945.89189685, 26185639189685
85764, 85751,  1635489833, MmchK5bsiUcKMjkuiS48fNjEMSFuu4qYhk8, MmQitmeerMainNetGuardAddressXd7b76q, 999, 1, 99900000000, 110944.89189685, 26285539189685
85907, 85894,  1635493990, MmfFwmZMZpaxRGXC7eeND53W7ogybC7Z36A, MmQitmeerMainNetGuardAddressXd7b76q, 270, 1, 27000000000, 111214.89189685, 26312539189685
85949, 85936,  1635495628, MmT9wChLYSjadTkGpXpqVCXrdUk5bdh3MEm, MmQitmeerMainNetGuardAddressXd7b76q, 87, 1, 8700000000, 111301.89189685, 26321239189685
85965, 85952,  1635495924, MmMP7qSXAUak3SyzEtALtd7HH9FZzNxi6qZ, MmQitmeerMainNetGuardAddressXd7b76q, 1000, 1, 100000000000, 112301.89189685, 26421239189685
86013, 86000,  1635497298, Mmgcn516E1hHsrAwSF65yoBU8nGHaNnwf7n, MmQitmeerMainNetGuardAddressXd7b76q, 2.9, 1, 290000000, 112304.79189685, 26421529189685
86129, 86116,  1635500538, Mmbyn3QvdrQZChT2QNbaZQxNFccpToz2inE, MmQitmeerMainNetGuardAddressXd7b76q, 1000, 1, 100000000000, 113304.79189685, 26521529189685
86299, 86286,  1635505608, MmUJsXuKDjoj1CFMffgDA5r7ctopJBexYay, MmQitmeerMainNetGuardAddressXd7b76q, 500, 1, 50000000000, 113804.79189685, 26571529189685
86313, 86300,  1635506165, MmVpCRY8HDq5Jm6sTxGUpP2TSkFDrdWHHcG, MmQitmeerMainNetGuardAddressXd7b76q, 500, 1, 50000000000, 114304.79189685, 26621529189685
86346, 86333,  1635507178, MmgiLn3C2pJoHFvJWsekdrFMY7U8et1psKK, MmQitmeerMainNetGuardAddressXd7b76q, 500, 1, 50000000000, 114804.79189685, 26671529189685
86353, 86340,  1635507370, MmMP7qSXAUak3SyzEtALtd7HH9FZzNxi6qZ, MmQitmeerMainNetGuardAddressXd7b76q, 1000, 1, 100000000000, 115804.79189685, 26771529189685
86356, 86343,  1635507413, MmNFLywZ2DbNyyte5mwXEV4EL88yVt9jW3h, MmQitmeerMainNetGuardAddressXd7b76q, 500, 1, 50000000000, 116304.79189685, 26821529189685
86365, 86352,  1635507662, MmXqhp8YxKuqKu88uFZ2F9koB8VQB8PEhWh, MmQitmeerMainNetGuardAddressXd7b76q, 500, 1, 50000000000, 116804.79189685, 26871529189685
86395, 86382,  1635508351, MmVsfChfXVWULSrZUpH5BrZ76uDuQa9Wn5T, MmQitmeerMainNetGuardAddressXd7b76q, 87, 1, 8700000000, 116891.79189685, 26880229189685
86408, 86395,  1635508824, MmTCzei9bE11GR4kZroY8pgXDCSh61VNv1u, MmQitmeerMainNetGuardAddressXd7b76q, 500, 1, 50000000000, 117391.79189685, 26930229189685
86423, 86410,  1635509192, MmSasqB3R1cG3UFQf2vK1z24ueMpQ46gir3, MmQitmeerMainNetGuardAddressXd7b76q, 500, 1, 50000000000, 117891.79189685, 26980229189685
86430, 86417,  1635509419, MmUya7ER51XDK9RxLkNXJWqRCwB5kKbW4nk, MmQitmeerMainNetGuardAddressXd7b76q, 500, 1, 50000000000, 118391.79189685, 27030229189685
87891, 87878,  1635557515, MmdUYVcpbZviqhfmpECjibiahC7D9bhEMpg, MmQitmeerMainNetGuardAddressXd7b76q, 500, 1, 50000000000, 118891.79189685, 27080229189685
88080, 88067,  1635565642, MmfFwmZMZpaxRGXC7eeND53W7ogybC7Z36A, MmQitmeerMainNetGuardAddressXd7b76q, 30, 1, 3000000000, 118921.79189685, 27083229189685
88349, 88336,  1635571853, MmaXQdHQSMYa1xCgYTvvsvpShbeRP52fz1p, MmQitmeerMainNetGuardAddressXd7b76q, 50, 1, 5000000000, 118971.79189685, 27088229189685
88461, 88448,  1635575700, MmdjjVhp5NNfoHmXc9muaywr5FiaswdGfMt, MmQitmeerMainNetGuardAddressXd7b76q, 1000, 1, 100000000000, 119971.79189685, 27188229189685
88496, 88483,  1635576680, Mmc3SKqDmGZqaKLdUYE6S6ufkJsorX4wf6U, MmQitmeerMainNetGuardAddressXd7b76q, 0.008, 1, 800000, 119971.79989685, 27188229989685
88593, 88580,  1635579566, MmfJRVdp1ZfhQnV9s1pEnPkeTKP7F41Yzbq, MmQitmeerMainNetGuardAddressXd7b76q, 0.0007, 1, 70000, 119971.80059685, 27188230059685
88636, 88623,  1635580864, MmefBoxbSgopsKZgzCfPp7JdbfNki3Kx9Q3, MmQitmeerMainNetGuardAddressXd7b76q, 200, 1, 20000000000, 120171.80059685, 27208230059685
88816, 88803,  1635585649, MmdWkKnHxm8FEmrnqtG2dcmQujBCsYUF55b, MmQitmeerMainNetGuardAddressXd7b76q, 500, 1, 50000000000, 120671.80059685, 27258230059685
88998, 88985,  1635591387, MmTA7j1Jvm9eKpLYXocwKvQsJ9BBp2X8a4j, MmQitmeerMainNetGuardAddressXd7b76q, 1465.75, 1, 146575000000, 122137.55059685, 27404805059685
89141, 89128,  1635593111, MmQKu9HbTos6gD4wR2deErWTXdjR55vM3Sp, MmQitmeerMainNetGuardAddressXd7b76q, 200, 1, 20000000000, 122337.55059685, 27424805059685
89151, 89138,  1635593269, MmXhimpYtVC62sPEHGEipmRct4WUPJab4rK, MmQitmeerMainNetGuardAddressXd7b76q, 200, 1, 20000000000, 122537.55059685, 27444805059685
89234, 89221,  1635595454, MmVxJXWDHgNcu4KexzUmHYKHwm8ZsiR1CcS, MmQitmeerMainNetGuardAddressXd7b76q, 545, 1, 54500000000, 123082.55059685, 27499305059685
89355, 89342,  1635600215, MmMP7qSXAUak3SyzEtALtd7HH9FZzNxi6qZ, MmQitmeerMainNetGuardAddressXd7b76q, 500, 1, 50000000000, 123582.55059685, 27549305059685
89361, 89348,  1635600464, MmYZ2kMr3teFLN8JKFrsSPuZN8yyB7brwSB, MmQitmeerMainNetGuardAddressXd7b76q, 1000, 1, 100000000000, 124582.55059685, 27649305059685
89514, 89501,  1635604621, MmT9wChLYSjadTkGpXpqVCXrdUk5bdh3MEm, MmQitmeerMainNetGuardAddressXd7b76q, 48, 1, 4800000000, 124630.55059685, 27654105059685
89645, 89632,  1635608959, MmSSEfiNUjq6rExgFpyTV93gZ93yWedsry9, MmQitmeerMainNetGuardAddressXd7b76q, 500, 1, 50000000000, 125130.55059685, 27704105059685
89670, 89657,  1635609722, MmSSEfiNUjq6rExgFpyTV93gZ93yWedsry9, MmQitmeerMainNetGuardAddressXd7b76q, 499.9, 1, 49990000000, 125630.45059685, 27754095059685
89676, 89663,  1635609957, MmPrxa2koRxwemeaND52zi3bjemR7zZnT5Q, MmQitmeerMainNetGuardAddressXd7b76q, 7199, 1, 719900000000, 132829.45059685, 28473995059685
89784, 89771,  1635613053, MmUmmioxptBBkYgLhBKgPdKJN4ra58FZGQB, MmQitmeerMainNetGuardAddressXd7b76q, 1000, 1, 100000000000, 133829.45059685, 28573995059685
89982, 89969,  1635619293, Mmb5rv26dnunUGMTQSMamnUmsyi38QsE8PS, MmQitmeerMainNetGuardAddressXd7b76q, 100, 1, 10000000000, 133929.45059685, 28583995059685
