number, order, height, timestamp, address, amount(Meer), TimeWeight, TotalLockAmount(Meer), profit(Meer)
1, 2624, 2620, 1632983758, MmKsJGj5vHSFLmmPeMatTiKXMSTagHx3cdE, 1, 5, 1.00000000, 1.26294647
2, 45920, 45907, 1634288799, Mmg746Tp5gyHZvpi4kdETv8A6Z7NtbEPn2z, 1, 3, 2.00000000, 0.75776788
3, 56653, 56640, 1634612935, Mmg746Tp5gyHZvpi4kdETv8A6Z7NtbEPn2z, 5, 2, 7.00000000, 2.52589295
4, 57207, 57194, 1634629349, MmfSJEAoDbjFzvSZoVVEuCtTCiuxm6QBCeR, 100, 2, 107.00000000, 50.51785911
5, 57227, 57214, 1634629988, MmfSJEAoDbjFzvSZoVVEuCtTCiuxm6QBCeR, 278, 2, 385.00000000, 140.43964834
6, 57397, 57384, 1634635595, MmZYrC2CKGNaUPFy82gueprG1N59WMprH5A, 10000, 2, 10385.00000000, 5051.78591186
7, 57610, 57597, 1634641346, MmXpj7YDWeDJMCc3dPNKA2mtyDbRNuTtxaq, 50, 2, 10435.00000000, 25.25892955
8, 57616, 57603, 1634641495, MmXpj7YDWeDJMCc3dPNKA2mtyDbRNuTtxaq, 50, 2, 10485.00000000, 25.25892955
9, 57695, 57682, 1634644320, MmLu9DUDSaLT34vA8GCBimPmFHiCn77Ti7k, 499, 2, 10984.00000000, 252.08411700
10, 57775, 57762, 1634646736, Mmbyn3QvdrQZChT2QNbaZQxNFccpToz2inE, 1000, 2, 11984.00000000, 505.17859118
11, 57813, 57800, 1634647658, MmTJYKQHZjKkiSCYQPVxMKB8dFzTLfivCxQ, 50, 2, 12034.00000000, 25.25892955
12, 57858, 57845, 1634648935, Mmb5rv26dnunUGMTQSMamnUmsyi38QsE8PS, 300, 2, 12334.00000000, 151.55357735
13, 57955, 57942, 1634651868, MmVuQDxT8jpqbLQfJR4fgqgDnfDpgoBMUMB, 999, 2, 13333.00000000, 504.67341259
14, 57986, 57973, 1634652998, MmVuQDxT8jpqbLQfJR4fgqgDnfDpgoBMUMB, 0.99971, 2, 13333.99971000, 0.50503208
15, 59586, 59573, 1634700915, MmNSmWkZHzoXTnPgKFe5qvRZjuCS6aXkPaY, 19, 2, 13352.99971000, 9.59839323
16, 59825, 59812, 1634708691, MmcXsT3NSAyQmmacrBuYtUeMH3pqiYABCpC, 200, 2, 13552.99971000, 101.03571823
17, 59843, 59830, 1634709300, MmYUU3KcFHXXe6Z415WLYH31rko6b1eh4wS, 8999, 2, 22551.99971000, 4546.10214209
18, 60329, 60316, 1634723449, MmTcWSYjy6UeZHjR5mvWSLHfoTPvKxDdcQ5, 500, 2, 23051.99971000, 252.58929559
19, 60344, 60331, 1634723943, MmTcWSYjy6UeZHjR5mvWSLHfoTPvKxDdcQ5, 10, 2, 23061.99971000, 5.05178591
20, 60668, 60655, 1634733897, Mme6P5vfTQ2KwuDEwhEHbuBmyCRtCJt9jFi, 1000, 2, 24061.99971000, 505.17859118
21, 60703, 60690, 1634735169, MmhRMTYt2jvwJW9qKSoTe97xcoFL8tAX8m5, 1999.99, 2, 26061.98971000, 1010.35213058
22, 60774, 60761, 1634737354, MmMZ36vSLT3aRLMpMDdEYkMhaeoPwg6Famk, 100, 2, 26161.98971000, 50.51785911
23, 60796, 60783, 1634738076, MmMZ36vSLT3aRLMpMDdEYkMhaeoPwg6Famk, 200, 2, 26361.98971000, 101.03571823
24, 60827, 60814, 1634739051, MmdjjVhp5NNfoHmXc9muaywr5FiaswdGfMt, 3500, 2, 29861.98971000, 1768.12506915
25, 61049, 61036, 1634744901, MmZYrC2CKGNaUPFy82gueprG1N59WMprH5A, 3000, 2, 32861.98971000, 1515.53577356
26, 61224, 61211, 1634751297, MmZYrC2CKGNaUPFy82gueprG1N59WMprH5A, 500, 2, 33361.98971000, 252.58929559
27, 62486, 62473, 1634788494, Mma6CNrdzFkXbhxGhS1Drra4iee2Zvcb9HS, 900, 2, 34261.98971000, 454.66073206
28, 62713, 62700, 1634795958, MmTzk11ShsQi3kYGNbjN3mxkiixKX74MfnW, 499.99, 2, 34761.97971000, 252.58424380
29, 62737, 62724, 1634796509, MmNSmWkZHzoXTnPgKFe5qvRZjuCS6aXkPaY, 80, 2, 34841.97971000, 40.41428729
30, 62774, 62761, 1634798054, MmUesAcpTHzDwjkCsMtLRBrPMaEddC32u9o, 614, 2, 35455.97971000, 310.17965498
31, 62778, 62765, 1634798115, MmUuqa23qDSPPUunvd79ZGpGPXhnoLWxoca, 999, 2, 36454.97971000, 504.67341259
32, 62780, 62767, 1634798172, MmZPAQGodVvvnc6JqXduEoF7Cb9S98tQjgp, 614, 2, 37068.97971000, 310.17965498
33, 62872, 62859, 1634800461, MmaubsfZQ7LjSmbub116ULZMjZKfX6hP61F, 4000, 2, 41068.97971000, 2020.71436474
34, 62875, 62862, 1634800531, MmR3yfPYwtaWHmAxjSRWP5ymxH4HFtws39K, 999, 2, 42067.97971000, 504.67341259
35, 63004, 62991, 1634804133, MmRovVyMfB5diuUNaLNVZYpH98jkpG574ye, 30, 2, 42097.97971000, 15.15535773
36, 63409, 63396, 1634816283, MmX34ruLpsfWU3nnEBGrE4RCj7yMrPZ2jMi, 999, 2, 43096.97971000, 504.67341259
37, 63429, 63416, 1634816913, MmTJYKQHZjKkiSCYQPVxMKB8dFzTLfivCxQ, 50, 2, 43146.97971000, 25.25892955
38, 63959, 63946, 1634832944, MmZYrC2CKGNaUPFy82gueprG1N59WMprH5A, 1000, 2, 44146.97971000, 505.17859118
39, 65019, 65006, 1634865613, MmVYoG5hQ5ANTvSb5y7LpzrXQf2d1e61qQr, 50, 2, 44196.97971000, 25.25892955
40, 65661, 65648, 1634884659, MmdjjVhp5NNfoHmXc9muaywr5FiaswdGfMt, 400, 2, 44596.97971000, 202.07143647
41, 65859, 65846, 1634890147, Mmg746Tp5gyHZvpi4kdETv8A6Z7NtbEPn2z, 1, 2, 44597.97971000, 0.50517859
42, 65919, 65906, 1634891863, MmgQBFaZbmUxP5KjFYewb6NdWhgdj3nbtn2, 1100, 2, 45697.97971000, 555.69645030
43, 66144, 66131, 1634899529, MmNSmWkZHzoXTnPgKFe5qvRZjuCS6aXkPaY, 1, 2, 45698.97971000, 0.50517859
44, 66307, 66294, 1634904345, MmTJYKQHZjKkiSCYQPVxMKB8dFzTLfivCxQ, 50, 2, 45748.97971000, 25.25892955
45, 66364, 66351, 1634905546, MmSeQzm7byCBQUGPHRfQXwk89B5gq7URoLT, 1000, 2, 46748.97971000, 505.17859118
46, 66376, 66363, 1634905808, MmUesAcpTHzDwjkCsMtLRBrPMaEddC32u9o, 386, 2, 47134.97971000, 194.99893619
47, 68269, 68256, 1634962932, MmT1X5ekNjv683YckV8eLwTohr2KmoFHnw9, 79.8, 2, 47214.77971000, 40.31325157
48, 68306, 68293, 1634964094, MmcXsT3NSAyQmmacrBuYtUeMH3pqiYABCpC, 500, 2, 47714.77971000, 252.58929559
49, 71618, 71605, 1635063687, MmheZL6SN8RhzTtLdN4bhK7GXCZCbNmvVyY, 40, 2, 47754.77971000, 20.20714364
50, 72389, 72376, 1635086323, MmSVtzp25G3PRsc2VYvJ1baogPHV2aKSG72, 100, 1, 47854.77971000, 25.25892955
51, 72402, 72389, 1635086754, MmQeu2Qij8j37gu3qN21hxgG1k1p4XNFBEe, 300, 1, 48154.77971000, 75.77678867
52, 72778, 72765, 1635098676, MmZYrC2CKGNaUPFy82gueprG1N59WMprH5A, 2000, 1, 50154.77971000, 505.17859118
53, 74695, 74682, 1635155850, MmaSnnD6Gqtfk6Y1Wphz5UCm9sZMv2JA3tw, 997.9, 1, 51152.67971000, 252.05885807
54, 74705, 74692, 1635156024, MmiiH3JnJNmCF4BrazeQdFoR17c9EwodBQY, 349, 1, 51501.67971000, 88.15366416
55, 74838, 74825, 1635160534, MmbScLjRvv2sxsj8YNkHHRkQfZ6kofKt5Xx, 215, 1, 51716.67971000, 54.30669855
56, 75190, 75177, 1635171338, MmaJ2tfSchbPCks8sGZDnp2fsKhmfNEJQCm, 5.6, 1, 51722.27971000, 1.41450005
57, 76190, 76177, 1635201927, MmSeQzm7byCBQUGPHRfQXwk89B5gq7URoLT, 1000, 1, 52722.27971000, 252.58929559
58, 76807, 76794, 1635219999, MmTJYKQHZjKkiSCYQPVxMKB8dFzTLfivCxQ, 50, 1, 52772.27971000, 12.62946477
59, 76888, 76875, 1635222654, Mmg746Tp5gyHZvpi4kdETv8A6Z7NtbEPn2z, 100, 1, 52872.27971000, 25.25892955
60, 76918, 76905, 1635223497, MmRovVyMfB5diuUNaLNVZYpH98jkpG574ye, 30, 1, 52902.27971000, 7.57767886
61, 76929, 76916, 1635223711, MmPSfMfM497JC2h5Gyf63d4dfdnC4x5LkAw, 50, 1, 52952.27971000, 12.62946477
62, 76951, 76938, 1635224500, MmSXTLNDuyNULDhhzb3JoxgJMjDtGSfGjER, 990, 1, 53942.27971000, 250.06340263
63, 76955, 76942, 1635224588, Mmhjd2RwQzbmXzKjvDXNU6Hs4GWWCGhKBYD, 500, 1, 54442.27971000, 126.29464779
64, 77035, 77022, 1635226345, MmSVtzp25G3PRsc2VYvJ1baogPHV2aKSG72, 100, 1, 54542.27971000, 25.25892955
65, 77258, 77245, 1635233170, MmbJFjKtJWEL4MiGs5qAokSuvqbzt3LxbZF, 1000, 1, 55542.27971000, 252.58929559
66, 77700, 77687, 1635246813, MmdiMnhsqFrzTCHz5gBtW1a31HcH5pmjKrm, 2000, 1, 57542.27971000, 505.17859118
67, 79112, 79099, 1635289129, MmdUYVcpbZviqhfmpECjibiahC7D9bhEMpg, 53, 1, 57595.27971000, 13.38723266
68, 79545, 79532, 1635301989, MmT9wChLYSjadTkGpXpqVCXrdUk5bdh3MEm, 100, 1, 57695.27971000, 25.25892955
69, 80177, 80164, 1635320446, MmTRRA5a137nWC2khc7sxhiVtct5CkFNw3C, 998, 1, 58693.27971000, 252.08411700
70, 80184, 80171, 1635320750, MmhBhtMpDLTGGtHVUrbLSTF8Mb5eJSeW43K, 3999, 1, 62692.27971000, 1010.10459307
71, 80190, 80177, 1635321145, MmT1X5ekNjv683YckV8eLwTohr2KmoFHnw9, 600, 1, 63292.27971000, 151.55357735
72, 80483, 80470, 1635330222, MmSaC2ZDSmiyCgtwZz7SMWbeVDHAwoTcBuU, 1000, 1, 64292.27971000, 252.58929559
73, 80686, 80673, 1635336425, MmSaC2ZDSmiyCgtwZz7SMWbeVDHAwoTcBuU, 1000, 1, 65292.27971000, 252.58929559
74, 80991, 80978, 1635345551, MmheZL6SN8RhzTtLdN4bhK7GXCZCbNmvVyY, 10, 1, 65302.27971000, 2.52589295
75, 82384, 82371, 1635387833, MmUuqa23qDSPPUunvd79ZGpGPXhnoLWxoca, 1000, 1, 66302.27971000, 252.58929559
76, 82576, 82563, 1635393791, MmNdAwL39BsnL1HJHGoNYHGWFQAgVNVwJNU, 9987, 1, 76289.27971000, 2522.60929509
77, 82593, 82580, 1635394208, MmNviYQthctB9tmME78AW2nprJCCpqTptw7, 652.2, 1, 76941.47971000, 164.73873858
78, 82695, 82682, 1635397273, MmbEd9eFQjwRrKprKadaUnMMkg3SYA3eAmV, 20, 1, 76961.47971000, 5.05178591
79, 83739, 83726, 1635428475, Mma84KVNJ1GH79uswDCyc5rUijzbrErD15q, 2500, 1, 79461.47971000, 631.47323898
80, 83774, 83761, 1635429679, MmTJYKQHZjKkiSCYQPVxMKB8dFzTLfivCxQ, 25, 1, 79486.47971000, 6.31473238
81, 83776, 83763, 1635429753, MmRovVyMfB5diuUNaLNVZYpH98jkpG574ye, 20, 1, 79506.47971000, 5.05178591
82, 84069, 84056, 1635437957, MmSv1BDDfPsixGCntDqKPcMBYZ3qdCoTQzy, 999.99, 1, 80506.46971000, 252.58676970
83, 84080, 84067, 1635438423, MmQqwwALVWhzUf8cE1jo82Uhc314Kw3Pdvv, 999.99, 1, 81506.45971000, 252.58676970
84, 85048, 85035, 1635467960, MmLXRs8JydQ839KGsJrQuBQCa9eqKVxKbbW, 500.0002425, 1, 82006.45995250, 126.29470904
85, 85543, 85530, 1635483362, Mmf6sxKjvFZnwmjvEFw8D5T1Je1PD5L781y, 495, 1, 82501.45995250, 125.03170131
86, 85698, 85685, 1635487299, MmiLiuSNEfU1zZjhc3Xnhp9uZwdEMXg5KQK, 499, 1, 83000.45995250, 126.04205850
87, 85792, 85779, 1635490726, MmTJYKQHZjKkiSCYQPVxMKB8dFzTLfivCxQ, 40, 1, 83040.45995250, 10.10357182
88, 85885, 85872, 1635493315, MmRovVyMfB5diuUNaLNVZYpH98jkpG574ye, 7, 1, 83047.45995250, 1.76812506
89, 85918, 85905, 1635494452, MmenZK4YVvXK1qaTZ7JQY7WgQ8CnWLWYSQs, 1000, 1, 84047.45995250, 252.58929559
90, 85944, 85931, 1635495443, MmT9wChLYSjadTkGpXpqVCXrdUk5bdh3MEm, 400, 1, 84447.45995250, 101.03571823
91, 86133, 86120, 1635500577, Mmbyn3QvdrQZChT2QNbaZQxNFccpToz2inE, 1000, 1, 85447.45995250, 252.58929559
92, 86273, 86260, 1635504810, MmPR1ctxF2sVNKQwEcg4xv1A221WN8c8q18, 300, 1, 85747.45995250, 75.77678867
93, 86338, 86325, 1635506966, MmMP7qSXAUak3SyzEtALtd7HH9FZzNxi6qZ, 2000, 1, 87747.45995250, 505.17859118
94, 86497, 86484, 1635511668, MmgGhzPY9zrdt1DNsf1dEWFyv6veSrVK5D7, 943.235, 1, 88690.69495250, 238.25106422
95, 86497, 86484, 1635511748, MmiiH3JnJNmCF4BrazeQdFoR17c9EwodBQY, 1000, 1, 89690.69495250, 252.58929559
96, 86513, 86500, 1635512161, MmeFSkDfiY76fqEKmdMjNumPCmxU7q7xQRX, 500, 1, 90190.69495250, 126.29464779
97, 86564, 86551, 1635513830, MmfjeaNYhXw41HSCWM4MukFKhfYYhsUe86S, 800, 1, 90990.69495250, 202.07143647
98, 87888, 87875, 1635557280, MmdUYVcpbZviqhfmpECjibiahC7D9bhEMpg, 500, 1, 91490.69495250, 126.29464779
99, 87926, 87913, 1635560652, MmenZK4YVvXK1qaTZ7JQY7WgQ8CnWLWYSQs, 999, 1, 92489.69495250, 252.33670629
100, 87961, 87948, 1635562453, MmYZmCD5WojVusAfFsnBs4SLVQjuJKikoNW, 309, 1, 92798.69495250, 78.05009233
101, 88232, 88219, 1635568645, MmVHRG61sCUVbrwXCiTDLP7Npp3LSvBBPjU, 299, 1, 93097.69495250, 75.52419938
102, 88330, 88317, 1635571117, MmMP7qSXAUak3SyzEtALtd7HH9FZzNxi6qZ, 500, 1, 93597.69495250, 126.29464779
103, 88349, 88336, 1635571805, MmZK62ew7q6LXs8bdrtspTd9z2Dw4mhTs81, 123, 1, 93720.69495250, 31.06848335
104, 88355, 88342, 1635572103, MmaXQdHQSMYa1xCgYTvvsvpShbeRP52fz1p, 50, 1, 93770.69495250, 12.62946477
105, 88635, 88622, 1635580838, MmefBoxbSgopsKZgzCfPp7JdbfNki3Kx9Q3, 300, 1, 94070.69495250, 75.77678867
106, 88993, 88980, 1635591271, MmTA7j1Jvm9eKpLYXocwKvQsJ9BBp2X8a4j, 2000, 1, 96070.69495250, 505.17859118
107, 89165, 89152, 1635593412, MmQKu9HbTos6gD4wR2deErWTXdjR55vM3Sp, 200, 1, 96270.69495250, 50.51785911
108, 89166, 89153, 1635593440, MmXhimpYtVC62sPEHGEipmRct4WUPJab4rK, 200, 1, 96470.69495250, 50.51785911
109, 89367, 89354, 1635600653, MmYZ2kMr3teFLN8JKFrsSPuZN8yyB7brwSB, 1000, 1, 97470.69495250, 252.58929559
110, 89634, 89621, 1635608619, MmchK5bsiUcKMjkuiS48fNjEMSFuu4qYhk8, 1000, 1, 98470.69495250, 252.58929559
