Number Order Height Address Amount(Meer) ComProfit(Meer)
2808 706789 630022 MmirLJXnA5nA8Eih6nQntcm88xCgWDux78w 2000.00000000 281.46874355
2809 706933 630141 MmRdV7ikUvP2hJQicvaG5jFgFMDv2PbCVer 800.00000000 112.58749742
2810 707158 630350 MmSXTLNDuyNULDhhzb3JoxgJMjDtGSfGjER 4000.00000000 562.93748711
2811 707189 630378 MmZAuxsoFaA42FRXx3kdJ8FqsjKTUhHGJji 366.00000000 51.50878007
2812 707254 630433 MmbJFjKtJWEL4MiGs5qAokSuvqbzt3LxbZF 1000.00000000 140.73437177
2813 707596 630760 MmiJzXoLvoBZiiwMtWLbN2grHRZykRWyzNq 2871.90000000 404.17504231
2814 708194 631353 MmNSmWkZHzoXTnPgKFe5qvRZjuCS6aXkPaY 137.00000000 19.28060893
2815 708532 631685 MmR7STCsZ7v5J4CWPieyP72fdB1vHqQCnHj 260.00000000 36.59093666
2816 709202 632257 Mmat2NasvYRJTEVuC87CTfU6JKgLufLvLHX 185.00000000 26.03585877
2817 709502 632492 MmbqCrqt2kZCM3j1ax1Fp15N6sH7HbG3Dtj 50.00000000 7.03671858
2818 709838 632723 MmiTMKzVyjokcpfoCfL1w6JBB2xnPuro8f7 48.50000000 6.82561703
2819 710449 633213 Mmd7oTYu6Hw1DUMiiHWYvt2uS33h7XSjQwc 355.00000000 49.96070198
2820 710807 633550 MmeAb38feDmcsVYqTSAHujxdh1Rw4jzZZzV 500.00000000 70.36718588
2821 711801 634542 MmTPK6dF4rTF74M1XRR82aqNxjN6mNroev8 42.00000000 5.91084361
2822 711921 634659 Mmgysbae5q8DMRC5sWFpR7bX8QuVaYgYqfY 40.00000000 5.62937487
2823 712092 634820 MmhbU4qoj3tabg7XkENevyrFxqCmZPLF9Cc 50.00000000 7.03671858
2824 712492 635150 MmSif49K5LkJnvkaLLDVBvFYFViFnEi4iSK 415.00000000 58.40476428
2825 713001 635608 MmfJNMM53dsoKBwJvgCQGpmnB3vmXDCSY2G 100.00000000 14.07343717
2826 713059 635664 MmiAZpXeVFKjnYMd9EUoah5vbrrCgSF4WZ5 2000.00000000 281.46874355
2827 713259 635857 MmiTMKzVyjokcpfoCfL1w6JBB2xnPuro8f7 45.00000000 6.33304673
2828 713355 635942 MmQVuM4RhyPJySp7VuQDNvKUnf8SVypa8pQ 583.10000000 82.06221218
2829 713603 636187 MmTPnuL6DVQqPLnpjsBMvBkDPvqxByHaUdL 2200.00000000 309.61561791
2830 713639 636215 Mmgeu6XBPtyK5quKmqNij3Uytxpicx4Lerx 554.00000000 77.96684196
2831 715044 637577 MmLephTaokmymR9ug7eH5JohRdNw4uXiie6 2000.00000000 281.46874355
2832 715361 637833 MmTwoMHjn9jWFfMsaBvifebg9nqQuVMuvYu 160.00000000 22.51749948
2833 715801 638195 MmdR9o4oJFjYameUdpPAozzKDsxdrXMd5Rv 17183.00000000 2418.23871028
2834 715813 638207 Mmd66KYj7PgEvjwtySSNPP8ku9eTWy6RoPw 200.00000000 28.14687435
2835 715948 638313 MmRM4HV7enwP695pwXL3p7fxb4p428RJHeQ 5181.00000000 729.14478019
2836 716034 638383 MmRrs85KK9bUXHJuc31MgWpVDLiQuYgYvgt 192.00000000 27.02099938
2837 716039 638387 MmTtM5vfRHFVP5VwVNedxxurnL3wh4f1Aqc 77.00000000 10.83654662
2838 716790 639019 MmUS8Puoq3a1wwd7k1A8kFFp5iMWsFfsDWf 3388.00000000 476.80805158
2839 716860 639071 Mmgysbae5q8DMRC5sWFpR7bX8QuVaYgYqfY 20.00000000 2.81468743
2840 716950 639146 MmaktFeNC9wybbwHo3HN8UkZ7RbkytUgzhU 350.00000000 49.25703012
2841 717109 639279 MmfSJEAoDbjFzvSZoVVEuCtTCiuxm6QBCeR 1200.00000000 168.88124613
2842 717116 639285 MmSMYwC86eFmQ6DcEimkxUVuf55rntAqXqY 1200.00000000 168.88124613
2843 717165 639330 MmPQcQDjt9QischqBSDog3jg9zwRTNDaTgs 1000.00000000 140.73437177
2844 717445 639603 MmYE8CXJuqYuL2yzwxLC1VXTU577jwxwZZw 30000.00000000 4222.03115338
2845 717461 639615 MmYE8CXJuqYuL2yzwxLC1VXTU577jwxwZZw 10445.50000000 1470.04088042
2846 718053 640191 MmhbU4qoj3tabg7XkENevyrFxqCmZPLF9Cc 50.00000000 7.03671858
2847 718349 640479 MmRC3szH2gsZATebpiw9TVPuoWMMJFG3UKh 1000.00000000 140.73437177
2848 719042 641049 MmhKTqPpvnUZAXVh9W5uUTeSFmCdvKC2T2f 500.00000000 70.36718588
2849 719079 641078 MmYE8CXJuqYuL2yzwxLC1VXTU577jwxwZZw 15000.00000000 2111.01557669
2850 719111 641105 MmQVLZ3US2U1EvN2nqfUbfcLpXss35YBcyC 1000.00000000 140.73437177
2851 719243 641213 MmLixvJUufpqjNtMCoEfo2pe2R1r7Pz1inA 500.00000000 70.36718588
2852 719321 641282 MmYu2A4otC1HGuLSWNTLJ4vetsJqK6toNUa 2784.00000000 391.80449103
2853 719356 641313 MmdR9o4oJFjYameUdpPAozzKDsxdrXMd5Rv 8385.24000000 1180.09148362
2854 719359 641314 MmbKdHQ2jL3d3RAQJizq647g9rw2tg2PB1A 2705.00000000 380.68647566
2855 719383 641336 MmbKdHQ2jL3d3RAQJizq647g9rw2tg2PB1A 1954.00000000 274.99496245
2856 719414 641363 MmQeu2Qij8j37gu3qN21hxgG1k1p4XNFBEe 1000.00000000 140.73437177
2857 719447 641392 MmTtM5vfRHFVP5VwVNedxxurnL3wh4f1Aqc 118.00000000 16.60665586
2858 720144 642041 MmPwQTvvZd9PYVCowuCB13ZGCTFAKRdnKys 5000.00000000 703.67185889
2859 720159 642049 MmPwQTvvZd9PYVCowuCB13ZGCTFAKRdnKys 2000.00000000 281.46874355
2860 720243 642113 Mmg3vCNmKHxV54bodT7QVvNeyqR5pSp7vFU 2144.00000000 301.73449309
2861 720591 642401 MmcfZzLKb3E8HnbmSfuBEZUF2YMmxHTBYkZ 3213.00000000 452.17953652
2862 720696 642503 MmPzGAaXC2dHHLGmqyEPuEnzUx1xiLg29GF 112.00000000 15.76224963
2863 721497 643287 MmMXzocAMdDvhJXwuYrbhnyyu6Lsaxt1mrV 1000.00000000 140.73437177
2864 721831 643564 Mme5ZnNHzE9GVji2td6Y5x5exPkVDHLYb2Q 1000.00000000 140.73437177
2865 721983 643685 MmNviYQthctB9tmME78AW2nprJCCpqTptw7 33.00000000 4.64423426
2866 722077 643762 MmhcN3xqHS6xoPazjtqpZp3sLjGgg7yx5Tc 1000.99900000 140.87496541
2867 722575 644169 Mmi5A1tPpuBWxNPsQybFGH1cg4ky82oCgsZ 1000.00000000 140.73437177
2868 722582 644176 MmYnzST8cNgHZTu7b4pXn5GpDq4VDYVh9R3 10000.00000000 1407.34371779
2869 722850 644396 MmfjZzMqKdAGtcb9Jze9pVrfcmBApUpurUx 700.00000000 98.51406024
2870 722933 644474 MmbqCrqt2kZCM3j1ax1Fp15N6sH7HbG3Dtj 50.00000000 7.03671858
2871 722950 644490 MmSeJBhxxUcE85LDWt79QCVu5FNM8Y1bnjP 500.00000000 70.36718588
2872 723595 645087 MmcDdfEFiXJGLxyRR4xxTR49gfq3R7ed7jA 3000.00000000 422.20311533
2873 725063 646468 MmThsk1k1U923qTEFiBKBoeSENWJumnSBQf 2844.00000000 400.24855334
2874 725111 646503 Mmi5A1tPpuBWxNPsQybFGH1cg4ky82oCgsZ 600.00000000 84.44062306
2875 725241 646608 Mmg7FU5sotfVmjiabudXQGR5mkm5AeLsrhS 10000.00000000 1407.34371779
2876 725572 646868 MmWgKrQS1gWPempAVfqBZpUwxCkPF4jsEps 49.00000000 6.89598421
2877 725691 646954 MmcZJWiPhNwBKDW6WkrRyurshio42Lnhpdf 6000.00000000 844.40623067
2878 725861 647096 MmZp8HLXkzYpzV3NkmjSTVPfngDS2MXCS23 1934.00000000 272.18027502
2879 725880 647110 MmRrs85KK9bUXHJuc31MgWpVDLiQuYgYvgt 295.00000000 41.51663967
2880 726047 647244 MmQ1ZqnffEUTtg4STmfByewrLZKprFZxJgR 1000.00000000 140.73437177
2881 726119 647303 MmLYAuZ5UgYrzYJLorb7UkHC2KA2R3cc7YW 10000.00000000 1407.34371779
2882 726146 647327 MmaotpJRpZ8FMWHmb6xJY68JEntSVrR4LEE 10000.00000000 1407.34371779
2883 726162 647342 MmhigsmvJwyYyUZK1Geea9wnJeTs5TEe8FY 10000.00000000 1407.34371779
2884 726185 647360 MmKxmfnSCGvU1J5bVKtTKgLac3GMHEgM9dM 10000.00000000 1407.34371779
2885 726712 647873 MmQ1ZqnffEUTtg4STmfByewrLZKprFZxJgR 6660.00000000 937.29091605
2886 726716 647875 MmT1amMrhyiCxB6kLYdAaY1BG4YiibzRCnC 6105.00000000 859.18333971
2887 726719 647878 MmRADFuFtL9oGty49b4GopUqri18az7KJ1k 1000.00000000 140.73437177
2888 726774 647926 MmRE1R5jU7u6vFb8CwULBDVrZwM8Mrt3X8T 91.00000000 12.80682783
2889 728000 649086 MmTPK6dF4rTF74M1XRR82aqNxjN6mNroev8 44.00000000 6.19231235
2890 728255 649294 MmQ1ZqnffEUTtg4STmfByewrLZKprFZxJgR 2350.00000000 330.72577368
2891 728449 649455 MmiJzXoLvoBZiiwMtWLbN2grHRZykRWyzNq 10000.00000000 1407.34371779
2892 728909 649836 MmffLLdETmskgEqGnMoLT9vSkLXXUiKNsNC 1000.00000000 140.73437177
2893 730733 651607 MmW3JBbvN31ZqjuV4B2HcPKaW1fzWKPE6ct 100.00000000 14.07343717
2894 731424 652224 MmMXzocAMdDvhJXwuYrbhnyyu6Lsaxt1mrV 2000.00000000 281.46874355
2895 731466 652259 MmLaZiwRNbu5SfXYgmHDCJ8SJ8pGPxRMMQY 2000.00000000 281.46874355
2896 731466 652259 MmcVXrxV7KV8tWnG3FX7MURXbZdeHutnsR8 2000.00000000 281.46874355
2897 731475 652264 MmLaZiwRNbu5SfXYgmHDCJ8SJ8pGPxRMMQY 500.00000000 70.36718588
2898 731674 652444 MmcZJWiPhNwBKDW6WkrRyurshio42Lnhpdf 5676.00000000 798.80829422
2899 731786 652530 MmT1amMrhyiCxB6kLYdAaY1BG4YiibzRCnC 3895.00000000 548.16037808
2900 732331 653046 MmbBhxR9DNsTAxSb9fkeza31LSpVt6p8kba 20000.00000000 2814.68743559
2901 732504 653208 MmQk7rJH19WMZwzAm3UFS8721RgHcnD5q15 2400.00000000 337.76249227
2902 733000 653668 Mma9ezvbzSYNLEXPasWokx1GaoDtUNe1682 69.00000000 9.71067165
2903 733096 653759 MmPVnee3txzJ4sjoJGv7JMpbYyoUsMi91zz 270.00000000 37.99828038
2904 733197 653850 Mmcs7fPJG66te7uaFByCLRhqxf1eYAeuxQQ 2705.00000000 380.68647566
2905 734421 655054 MmQJGuWyE7crpbTByNcNTuMXZhvcFfHBxXH 1993.00000000 280.48360295
2906 734838 655454 MmX189QMgdNy1oH4dQnECWQx8y8jjyT6Riq 24000.00000000 3377.62492271
2907 734872 655477 MmSrcbCMkmjXt3DdzeCXYPxvdPB8ippZQoH 220.00000000 30.96156179
2908 735234 655743 MmZL4QEqvzfNUJnjNQKk9CKWnmzHxkbEESU 549.00000000 77.26317010
2909 735315 655802 MmTj8G6QyrAJhunACnLJAz1XQahwLYHyuvN 1000.00000000 140.73437177
2910 735317 655803 MmZJx95wjqwMjJwtqdQUHb5AfCbmZKYuXFU 1499.00000000 210.96082329
2911 735404 655867 MmgSuw7uHMZves6K5UAE6wL1niMENMxGXge 553.19805900 77.85398130
2912 735421 655876 MmgSuw7uHMZves6K5UAE6wL1niMENMxGXge 446.89155350 62.89300203
2913 736210 656479 MmVJsZB5BeKptuUPbdvQEd2nuD5cWog2LAS 1679.00000000 236.29301021
2914 736306 656547 MmLYRMBvFyAoyrgVnFy2VqGbXToErqGSofY 1500.00000000 211.10155766
2915 737551 657577 MmPLTR1gSP7ER8f52WriD1sTQMULLf9PnHU 118.00000000 16.60665586
2916 737578 657599 MmhbU4qoj3tabg7XkENevyrFxqCmZPLF9Cc 50.00000000 7.03671858
2917 738280 658158 MmT1UvceCdvi78cSPUuNSHs2NTcnTfEsAbp 5000.00000000 703.67185889
2918 738298 658175 MmPiVuq8niBSNxRLgy1FGqtZbCeuTRf9x7s 1200.00000000 168.88124613
2919 738639 658445 MmU7hPyU9EQBF2WzhqesaPyoQbs9kqQ7mvy 540.00000000 75.99656076
2920 739086 658871 MmWchzvBPjv7thEJ1UYXUhrooucvS2xPxdy 636.00000000 89.50706045
2921 739136 658918 MmMZFPMZ3KYMzj6EXQjckQvKqz3SC6t4vDF 2500.00000000 351.83592944
2922 739415 659166 Mmi2ECZSGj6ieCxLWhEpBH5DbtQPfJpbRH1 1000.00000000 140.73437177
2923 739819 659551 MmXNioLDgmWcjGR2FjCVLv17HvQTsqictGV 334.00000000 47.00528017
2924 739835 659563 MmT1UvceCdvi78cSPUuNSHs2NTcnTfEsAbp 2100.00000000 295.54218073
2925 740699 660391 MmUoK7TCKdzfZLNGZggxaMhDdhuDs4w6Gdf 200.00000000 28.14687435
2926 740955 660640 MmNSmWkZHzoXTnPgKFe5qvRZjuCS6aXkPaY 100.00000000 14.07343717
2927 741218 660844 Mmc6fGJRnjMi43hJfxUQPsKmHYyBrLJMiEn 400.00000000 56.29374871
2928 741571 661110 MmMau4EhdL2EJ3MSzguhs5prENQLJN3zbBG 1000.00000000 140.73437177
2929 741726 661243 MmZjs47bHAs9TwLx48sKGBLMrM48MnS3rHn 1700.00000000 239.24843202
2930 741728 661245 MmaouT6hH8S9ZDcVCPpeN837GH3aAAbcKLj 4300.00000000 605.15779865
2931 741745 661259 Mme42Zuov1EFZga1oFcZ1iRoYjcVgrovfHt 2600.00000000 365.90936662
2932 741748 661261 MmXZ3YMmDyRVxYPryV9nxogfaqvRNQNwiCi 2200.00000000 309.61561791
2933 741781 661283 MmViobsYNzXWd3hq1mdhvfL8yevobeUpoBN 1130.00000000 159.02984011
2934 741791 661288 Mmdqc2jfc2D6yB5b2Xr3k9ZZBdzKrt7hDt9 4500.00000000 633.30467300
2935 741808 661299 MmXZ3YMmDyRVxYPryV9nxogfaqvRNQNwiCi 1600.00000000 225.17499484
2936 742031 661479 MmcHD8inhSTHBnSx9AxfbV5kJtRsYLAc7jf 1213.00000000 170.71079296
2937 742066 661503 MmirCqntQTvw24a6AJGmS9qiwbR7eKodabt 170.00000000 23.92484320
2938 742121 661553 MmNPgMZKZqGSNQ4saEHdHjD4KQQoBXCSMPh 1000.00000000 140.73437177
2939 742202 661631 MmfSJEAoDbjFzvSZoVVEuCtTCiuxm6QBCeR 500.00000000 70.36718588
2940 742220 661647 MmSMYwC86eFmQ6DcEimkxUVuf55rntAqXqY 600.00000000 84.44062306
2941 742230 661654 MmaouT6hH8S9ZDcVCPpeN837GH3aAAbcKLj 2300.00000000 323.68905509
2942 742231 661655 MmViobsYNzXWd3hq1mdhvfL8yevobeUpoBN 1070.00000000 150.58577780
2943 742232 661656 MmcHD8inhSTHBnSx9AxfbV5kJtRsYLAc7jf 825.00000000 116.10585671
2944 742431 661814 MmhvytPcHiR4K5zSLWWKazceyq2JBF5DsUn 11400.00000000 1604.37183828
2945 742971 662337 MmTVSaZY5LTvmGdEzPrZpHy1a4vpKNXJYkz 2940.00000000 413.75905303
2946 744133 663481 MmZNJDeyZu7EMJsovsw8UweFiSMWnrUhnPS 100.00000000 14.07343717
2947 744140 663484 MmgmZdYombwcny2su5EfiWv6SXmiKNZAneU 100.00000000 14.07343717
2948 744387 663685 MmNFV8WgmxHNCTApT2rWYB5bf9YFMPsgQTr 164.00000000 23.08043697
2949 744704 663943 MmLmALtdu15hVzn9zpXN18rrw1RPfNsJ2mW 92.00000000 12.94756220
2950 744993 664161 MmRVfzXwEExEyfEA1V6Xx27LMjByPF2GPwE 2900.00000000 408.12967816
2951 744994 664162 MmZjs47bHAs9TwLx48sKGBLMrM48MnS3rHn 833.00000000 117.23173169
2952 744995 664163 MmQKRjxeMRshzHTEXpYJDcRVxZd4Hp2jLef 300.00000000 42.22031153
2953 745278 664368 MmWgKrQS1gWPempAVfqBZpUwxCkPF4jsEps 55.00000000 7.74039044
2954 745358 664425 MmhbU4qoj3tabg7XkENevyrFxqCmZPLF9Cc 50.00000000 7.03671858
2955 745455 664490 MmQWJohAmx8WWCmm5Lr4UMGDme7qJgGRPmq 3500.00000000 492.57030122
2956 748133 666943 MmaQJQ46cwSyo3SDKZ9ycysYjMDpdcSwZoH 1010.00000000 142.14171549
2957 748159 666960 MmKkZMT9crb8yhwLBKnaf5URaFtb2j8qN1C 1000.00000000 140.73437177
2958 748190 666988 MmWchzvBPjv7thEJ1UYXUhrooucvS2xPxdy 790.00000000 111.18015370
2959 748235 667025 MmgqW999BEJQG4TgnpLQQghmM1NVVJWsjVy 500.00000000 70.36718588
2960 748423 667173 MmVBSibBfxFLMvrGKNoTD6VJWGYMmDxXEQj 202.00000000 28.42834309
2961 748485 667216 MmS2z9EZytZGw4iKnTJaPUCfSFfEixjDsip 210.00000000 29.55421807
2962 748647 667356 MmNm3De8Vw424j8tTRriWLgkjGkaiv7hU6G 544.00000000 76.55949824
2963 749352 668024 MmchK5bsiUcKMjkuiS48fNjEMSFuu4qYhk8 1000.00000000 140.73437177
2964 750836 669454 MmbsRnNDwBkg95X9TvYHrNwJdv5byVMBoBh 500.00000000 70.36718588
2965 750941 669532 MmiTMKzVyjokcpfoCfL1w6JBB2xnPuro8f7 42.13000000 5.92913908
2966 751049 669615 MmLz7vjP9oEHGP8Y1r1n98gXoZrSeZcW1GB 15000.00000000 2111.01557669
2967 751253 669772 MmdeKjB16Y6Z3A5JyD4CFU3ciVDMk4CXt1J 1000.00000000 140.73437177
2968 751633 670051 MmeRJwnpKThkfBwY4xGqo4MgVeMwwJ1iqUX 1145.00000000 161.14085568
2969 751911 670294 Mmf6SFTRny4UX4sXjNa2pA1WVhh8vVdqs6e 0.23000000 0.03236890
2970 752573 670891 MmihdusdKe8QtxqiA6mvzUrLecLdpmwhLh2 90.00000000 12.66609346
2971 752967 671269 MmYfc3JmygGmzje3RroCcxSxEDHZZF3pjwM 1078.00000000 151.71165277
2972 754487 672623 MmiCRVTX4B3EuFxWPLUcd2PoQCezVUZo4e8 500.00000000 70.36718588
2973 754690 672773 MmWgKrQS1gWPempAVfqBZpUwxCkPF4jsEps 57.00000000 8.02185919
2974 754796 672855 Mmg7FU5sotfVmjiabudXQGR5mkm5AeLsrhS 10000.00000000 1407.34371779
2975 755153 673141 MmNFV8WgmxHNCTApT2rWYB5bf9YFMPsgQTr 193.00000000 27.16173375
2976 755210 673188 MmW3JBbvN31ZqjuV4B2HcPKaW1fzWKPE6ct 100.00000000 14.07343717
2977 755361 673321 MmLmALtdu15hVzn9zpXN18rrw1RPfNsJ2mW 123.00000000 17.31032772
2978 756609 674537 MmhbU4qoj3tabg7XkENevyrFxqCmZPLF9Cc 50.00000000 7.03671858
2979 758171 675921 MmiZtXmUGTouVLWD4k1p5keWBzkRey9G9h7 500.00000000 70.36718588
2980 758914 676598 MmYnzST8cNgHZTu7b4pXn5GpDq4VDYVh9R3 15000.00000000 2111.01557669
2981 759210 676884 MmNCXReEaFeMsFdBtrEqKqB1ryk5QLG7kMv 1000.00000000 140.73437177
2982 760544 678116 MmT2KUn6cDUb6mdYdA5YyNfAoywFUA3pKS2 800.00000000 112.58749742
2983 760546 678118 MmKoFhzaEc9x1oUKkt5zxXqAcFi92JiDpaG 3445.00000000 484.82991078
2984 761057 678469 MmU58TusQiwY1vxaehsFYcbSwrWsBMmNzd8 1095.00000000 154.10413709
2985 761312 678682 MmZKUSnb4oGQALYNkfC4buKYRvKXXpWC8Qp 258.00000000 36.30946791
2986 761871 679143 MmYAUhu9fTFsoSyvUUWQNikPWcn4u1B9dmi 4900.00000000 689.59842172
2987 761973 679220 MmRVfzXwEExEyfEA1V6Xx27LMjByPF2GPwE 701.00000000 98.65479461
2988 761974 679221 MmYuxCeRfWNf4VKhN1CuUQ34Rax99YGBxDd 701.00000000 98.65479461
2989 762035 679274 MmceZEC9YZyEkwe6WVX1s3JCEdYPaohGRLZ 583.00000000 82.04813874
2990 762183 679404 MmTPK6dF4rTF74M1XRR82aqNxjN6mNroev8 41.00000000 5.77010924
2991 762465 679652 MmRFZ95xQzJCnbQPcY2o1EG1SrJmYB3sPmD 3.20000000 0.45034998
2992 763938 681027 MmPLTR1gSP7ER8f52WriD1sTQMULLf9PnHU 123.00000000 17.31032772
2993 764494 681453 MmWoDg47F2Kmwm6aKsG3rhgZzpQqSTqRB9g 2040.00000000 287.09811843
2994 764597 681543 Mmi8oYtiWiaNcos5JHMR4gLmK5s1gFEE8hX 174.00000000 24.48778068
2995 764843 681732 MmRLexyXJaPSBtAhNde9ytUr97q7PRSBzzZ 2000.00000000 281.46874355
2996 764862 681747 Mmc7HpAfxJLEryGhytHrC2UfjnMdgwGeDYM 10000.00000000 1407.34371779
2997 764863 681748 MmguKTvDdpq668U4DfsUFZXVBYjKYbha5pn 270.00000000 37.99828038
2998 765012 681862 MmMP7qSXAUak3SyzEtALtd7HH9FZzNxi6qZ 2000.00000000 281.46874355
2999 765455 682224 MmR7STCsZ7v5J4CWPieyP72fdB1vHqQCnHj 290.00000000 40.81296781
3000 767126 683796 MmRLexyXJaPSBtAhNde9ytUr97q7PRSBzzZ 5000.00000000 703.67185889
3001 767520 684084 MmM9X8x1TjwNc1fPkzq2hj37CFpMS3fZ3tb 900.00000000 126.66093460
3002 767581 684125 MmQzua4Wxa6y1yjwfXdCeFhgZccCjJDuycj 600.00000000 84.44062306
3003 767731 684255 MmZjs47bHAs9TwLx48sKGBLMrM48MnS3rHn 600.00000000 84.44062306
3004 767919 684411 MmYfc3JmygGmzje3RroCcxSxEDHZZF3pjwM 347.00000000 48.83482700
3005 767985 684469 MmbAGWRCnhPBufN3VX8V45bvvAHsbdr9WBJ 400.00000000 56.29374871
3006 768143 684610 MmNFiqc9VtMgGCXZABuZj7uexx7sKnqL1xf 421.60000000 59.33361114
3007 768239 684705 MmRnJ2VuUp18QsoyDMdruPaewirB8isMUc2 1800.00000000 253.32186920
3008 768489 684931 MmVc3REctzTgBWvWjEds7zawTt1Ec9dJf8c 2000.00000000 281.46874355
3009 768538 684976 Mmgty6UaEYTtFLp65JGiiGPFDhPjDM8rPvx 1200.00000000 168.88124613
3010 769290 685696 Mmc6fGJRnjMi43hJfxUQPsKmHYyBrLJMiEn 6500.00000000 914.77341656
3011 769829 686231 MmiAZpXeVFKjnYMd9EUoah5vbrrCgSF4WZ5 2000.00000000 281.46874355
3012 770109 686490 Mmic6JNaMAj9wMYufgZiZBLBaG56LwEaXuv 370.00000000 52.07171755
3013 770111 686491 MmUSWk6nRckguXPTFVrhK9wCFVmQufG34No 340.00000000 47.84968640
3014 770225 686580 MmNSmWkZHzoXTnPgKFe5qvRZjuCS6aXkPaY 100.00000000 14.07343717
3015 770805 687025 MmWSXnMoxiZuma4D7TYpQZ6uLFYpiXa8c8X 40.00000000 5.62937487
3016 771168 687290 MmLYAuZ5UgYrzYJLorb7UkHC2KA2R3cc7YW 4000.00000000 562.93748711
3017 771441 687512 MmWAX7qBZYhNBhcRoQyeieD5dNGJbNK2ED1 22400.00000000 3152.44992786
3018 771915 687943 Mmet4yK7mcjgxSauQN9cwvuYQJsVAJ2dkJb 1000.00000000 140.73437177
3019 772393 688356 MmiJzXoLvoBZiiwMtWLbN2grHRZykRWyzNq 13500.00000000 1899.91401902
3020 774198 689974 Mmh9P83PT1NYdfT4Dp8gTRQu79zHbeKrQTS 1200.00000000 168.88124613
3021 774312 690057 MmZKUSnb4oGQALYNkfC4buKYRvKXXpWC8Qp 164.00000000 23.08043697
3022 774591 690280 MmNCXReEaFeMsFdBtrEqKqB1ryk5QLG7kMv 1000.00000000 140.73437177
3023 774614 690299 MmRoxpUEEixdHt2cjN5j993NHTVNpqULRPL 999.90000000 140.72029834
3024 775136 690746 MmQk7rJH19WMZwzAm3UFS8721RgHcnD5q15 3000.00000000 422.20311533
3025 776299 691852 MmZNJDeyZu7EMJsovsw8UweFiSMWnrUhnPS 100.00000000 14.07343717
3026 776302 691855 MmgmZdYombwcny2su5EfiWv6SXmiKNZAneU 100.00000000 14.07343717
3027 777216 692626 MmTPK6dF4rTF74M1XRR82aqNxjN6mNroev8 41.00000000 5.77010924
3028 777403 692764 MmSUGSVib2e7AG9kXrZpQHV6Z3SxdDsnjr9 500.00000000 70.36718588
3029 778144 693412 MmiTMKzVyjokcpfoCfL1w6JBB2xnPuro8f7 42.30000000 5.95306392
3030 778163 693428 MmQri9Tmdq65FbAPnULPT7FDHLw2MFTJvyp 1799.00000000 253.18113483
3031 778878 694120 MmSeQzm7byCBQUGPHRfQXwk89B5gq7URoLT 1000.00000000 140.73437177
3032 779045 694286 MmiCLbJe1AGNnw6WVPSjBC6VihNEwjMoMhH 491.00000000 69.10057654
3033 780218 695407 MmUng4CfY4RV9mKiWUG9S9A6x8YRDmabBCy 692.00000000 97.38818527
3034 780850 696020 MmMPh1pauGG3k93ZSkgbyEsoM6iEQwowR6o 1000.00000000 140.73437177
3035 780890 696053 MmPdHrY5dm1ztqLaFj8Fe2m2PjqR4fF6qg7 1000.00000000 140.73437177
3036 781252 696356 MmRiMdsjXV5VwJx5mhCkC6LeauVRvBzDyHL 280.00000000 39.40562409
3037 782028 697093 MmecJbb7kuyfrBqMiU5ReLbNAT5VmSs4Ma3 1000.00000000 140.73437177
3038 783533 698375 MmNviYQthctB9tmME78AW2nprJCCpqTptw7 20.00000000 2.81468743
3039 783996 698740 Mmf6sxKjvFZnwmjvEFw8D5T1Je1PD5L781y 1005.00000000 141.43804363
3040 784115 698833 MmRE1R5jU7u6vFb8CwULBDVrZwM8Mrt3X8T 61.00000000 8.58479667
3041 784688 699256 MmYfc3JmygGmzje3RroCcxSxEDHZZF3pjwM 472.00000000 66.42662347
3042 785960 700359 MmWaC5M8EgpWGt6MmtUR3XVjxhm2xF8EnCF 400.00000000 56.29374871
3043 786094 700491 MmLzmofHnENNvugzHQqtoU2g5q8ibi5MJou 76.00000000 10.69581225
3044 786581 700927 MmaHf7YgjMZD5f98iqPrtTQJaenAYU6hU5C 302.00000000 42.50178027
3045 787316 701486 MmSif49K5LkJnvkaLLDVBvFYFViFnEi4iSK 521.00000000 73.32260769
3046 787701 701818 MmiTMKzVyjokcpfoCfL1w6JBB2xnPuro8f7 40.29000000 5.67018783
3047 788362 702420 MmWkvmkeNixaTQjNRyJnemtPKLggQuf13yL 4900.00000000 689.59842172
3048 788382 702438 MmcnmbvX441EdLhxD9SjMnXvhrfJJt1Bx4L 390.00000000 54.88640499
3049 788463 702514 Mmi8oYtiWiaNcos5JHMR4gLmK5s1gFEE8hX 1188.00000000 167.19243367
3050 790353 704236 MmWSXnMoxiZuma4D7TYpQZ6uLFYpiXa8c8X 66.00000000 9.28846853
3051 790513 704373 MmTj8G6QyrAJhunACnLJAz1XQahwLYHyuvN 1042.00000000 146.64521539
3052 790598 704433 MmXrVxonfgmkk3Pidt7GYmjDvv8K6Qq8zTG 10000.00000000 1407.34371779
3053 791384 705140 MmZpp3XPEkazxmw4JG2vu2U6q2GkLqRtCmv 100.00000000 14.07343717
3054 792646 706372 MmeAb38feDmcsVYqTSAHujxdh1Rw4jzZZzV 500.00000000 70.36718588
3055 792730 706455 MmbEEDc4pvSD4oUBWVYFHKmpxhC9fcmWXs6 446.00000000 62.76752981
3056 794449 707830 MmchK5bsiUcKMjkuiS48fNjEMSFuu4qYhk8 1000.00000000 140.73437177
3057 794803 708135 MmLGSSYQh13BGBh6bGGmvpKRbYVUoJnxmqc 961.00000000 135.24573128
3058 794978 708286 MmSif49K5LkJnvkaLLDVBvFYFViFnEi4iSK 528.00000000 74.30774829
3059 794994 708300 MmYeXyd29D9W2cHAkmV31vt3ambkkJgxHmN 150.00000000 21.11015576
3060 796382 709629 MmSif49K5LkJnvkaLLDVBvFYFViFnEi4iSK 279.00000000 39.26488972
3061 797213 710231 MmS2z9EZytZGw4iKnTJaPUCfSFfEixjDsip 210.00000000 29.55421807
3062 797486 710474 Mma8RoEvT9ZLJvTexKDKrZEdD2XAghTETUv 500.00000000 70.36718588
3063 797688 710667 MmZKUSnb4oGQALYNkfC4buKYRvKXXpWC8Qp 186.00000000 26.17659315
3064 798005 710969 MmgmotSW45m9KWMJZjHH8CgMUH9Ha6GCt5p 1899.00000000 267.25457200
3065 798348 711236 MmUuqa23qDSPPUunvd79ZGpGPXhnoLWxoca 884.48000000 124.47673715
3066 799353 712227 MmTPK6dF4rTF74M1XRR82aqNxjN6mNroev8 39.00000000 5.48864049
3067 800251 712919 MmSif49K5LkJnvkaLLDVBvFYFViFnEi4iSK 272.00000000 38.27974912
3068 800413 713051 MmSif49K5LkJnvkaLLDVBvFYFViFnEi4iSK 2000.00000000 281.46874355
3069 800520 713127 MmW3JBbvN31ZqjuV4B2HcPKaW1fzWKPE6ct 450.00000000 63.33046730
3070 800573 713171 MmSEioUcLvcMjcX5bb4wqzC3bAjm7MSdV23 3713.00000000 522.54672241
3071 800833 713400 MmiTMKzVyjokcpfoCfL1w6JBB2xnPuro8f7 44.64500000 6.28308602
3072 800993 713553 MmRrs85KK9bUXHJuc31MgWpVDLiQuYgYvgt 320.00000000 45.03499896
3073 801080 713632 MmWSXnMoxiZuma4D7TYpQZ6uLFYpiXa8c8X 30.00000000 4.22203115
3074 801311 713855 MmbyzgUMHJeiHfhgUWpghdKpUDb7DkyXRqt 10000.00000000 1407.34371779
3075 801463 714002 MmTtM5vfRHFVP5VwVNedxxurnL3wh4f1Aqc 128.00000000 18.01399958
3076 801491 714028 MmiJzXoLvoBZiiwMtWLbN2grHRZykRWyzNq 3800.00000000 534.79061276
3077 802494 715006 MmSTPCGi7iN7BkrosR6AeRkmYauJrs7QhpL 210.00000000 29.55421807
3078 803128 715521 MmSif49K5LkJnvkaLLDVBvFYFViFnEi4iSK 256.00000000 36.02799917
3079 803136 715528 MmWPhar7x4HRDBErUrYTLSbwQ4EAQHrziWs 600.00000000 84.44062306
3080 803205 715587 MmPwQTvvZd9PYVCowuCB13ZGCTFAKRdnKys 6128.00000000 862.42023026
3081 803682 715998 MmVnAtbMKSnUG4iQ6GYVA3D9UwYNEbKQjbE 25000.00000000 3518.35929449
3082 804438 716701 MmiCRVTX4B3EuFxWPLUcd2PoQCezVUZo4e8 2501.00000000 351.97666382
3083 804507 716767 MmNSmWkZHzoXTnPgKFe5qvRZjuCS6aXkPaY 100.00000000 14.07343717
3084 806316 718429 MmSmuexLnCnnDmCWX32dH5VTzB8dEzXTSjR 5000.00000000 703.67185889
3085 806404 718515 MmSif49K5LkJnvkaLLDVBvFYFViFnEi4iSK 259.00000000 36.45020229
3086 806608 718702 MmiJzXoLvoBZiiwMtWLbN2grHRZykRWyzNq 13440.00000000 1891.46995671
3087 806761 718837 MmUHbQRChNp655z2KNVourksgTdJW6LeMfA 2624.00000000 369.28699154
3088 807026 719062 MmRRTT11wPL2mQxiCmdza9WAm9snzXR8Mcy 500.00000000 70.36718588
3089 807114 719148 MmdeKjB16Y6Z3A5JyD4CFU3ciVDMk4CXt1J 1000.00000000 140.73437177
3090 807126 719158 MmiTMKzVyjokcpfoCfL1w6JBB2xnPuro8f7 30.23000000 4.25440005
3091 807151 719179 MmfmdVJwercLZjWwJM1qyqHAKQF2dHJanPt 239.50000000 33.70588204
3092 807244 719258 MmgmF97xtxGjLBiZRjRHGa4XSkSCZv5gBU2 7000.00000000 985.14060245
3093 807305 719308 MmNHWpf81ESPKnXZqRT89nhDaxZVLMa7ZYE 180.00000000 25.33218692
3094 807314 719314 MmdeKjB16Y6Z3A5JyD4CFU3ciVDMk4CXt1J 3000.00000000 422.20311533
3095 807505 719489 MmMQFx2kv4PwRovX1uuQWd4cj9CKe3DcUfC 500.00000000 70.36718588
3096 807533 719514 MmiLiuSNEfU1zZjhc3Xnhp9uZwdEMXg5KQK 4300.00000000 605.15779865
3097 807536 719515 Mmf6Ez1qWZtnfLjcDKFdom8URzcchgMBcnZ 2001.00000000 281.60947793
3098 807552 719529 MmMQFx2kv4PwRovX1uuQWd4cj9CKe3DcUfC 540.00000000 75.99656076
3099 807612 719583 MmLZesELg8TPpaM2wTEZiaNcMLa8iPEiyvZ 5000.00000000 703.67185889
3100 807754 719717 MmTNT2YGKa4cWmhjzbk1hP6VKcB17JdnS2M 315.00000000 44.33132711
3101 807763 719724 MmZXzRtP3VhJ97gCSF9pDqyURRtmsaLvDUT 500.00000000 70.36718588
3102 807772 719726 MmiAZpXeVFKjnYMd9EUoah5vbrrCgSF4WZ5 930.00000000 130.88296575
3103 807778 719729 MmNDZMmzpSNbfNdQyarRwm3wJJLh9Yx2hxs 890.00000000 125.25359088
3104 807802 719749 MmX9RxuGeZmXFv2R3uGa4SUupEdry9NAJmF 800.00000000 112.58749742
3105 807814 719756 MmguKTvDdpq668U4DfsUFZXVBYjKYbha5pn 268.00000000 37.71681163
3106 807826 719766 MmhTJ8XmAC33m2wCa1wgQg7BT4SBsBxPyFM 7000.00000000 985.14060245
3107 807976 719903 MmLFk5b39dDpPjw7B6Pj9D5RDwAa8Lbz9Px 1346.00000000 189.42846441
3108 808010 719934 MmZYrC2CKGNaUPFy82gueprG1N59WMprH5A 5000.00000000 703.67185889
