Number Order Height Timestamp Address Amount(Meer) competitionReward(Meer)
111 90482 90469 1635633859 MmbEd9eFQjwRrKprKadaUnMMkg3SYA3eAmV 40 2.22860138
112 90727 90714 1635641791 Mmef8RgJvePP9JxGcfjfTQJNwXnfDabkgkF 200 11.14300692
113 90785 90772 1635643728 Mmg72YV8bZZDTSs34rC6MCmfarqXTKLkJXx 2 0.11143006
114 90983 90970 1635653393 MmaXQdHQSMYa1xCgYTvvsvpShbeRP52fz1p 5 0.27857517
115 90992 90979 1635653694 MmVYoG5hQ5ANTvSb5y7LpzrXQf2d1e61qQr 500 27.85751730
116 91148 91135 1635657213 MmRoZpTtobGMyGSYd6mckwrou4s9YLbCdDG 51.99 2.89662464
117 91545 91532 1635668896 MmRovVyMfB5diuUNaLNVZYpH98jkpG574ye 30 1.67145103
118 91628 91615 1635671050 MmRQhCtZEgr1dksnbzHrEP2GVHrqhyb92wG 68 3.78862235
119 91654 91641 1635671961 MmTJYKQHZjKkiSCYQPVxMKB8dFzTLfivCxQ 25 1.39287586
120 92035 92022 1635683212 MmZRuWLvoQE8vm9RzEL7UaMKzjeMw3SmWtN 100 5.57150346
121 92486 92473 1635701203 MmdR4wFRXWCRbfAkTaNjk1vYSVLHwmSdhX5 5.99 0.33373305
122 93385 93372 1635726218 MmNCfHzG31GbZDS7abUEkbSt137ofFiVJqm 24 1.33716083
123 93444 93431 1635728039 MmQKu9HbTos6gD4wR2deErWTXdjR55vM3Sp 150 8.35725519
124 93721 93708 1635736532 MmaXQdHQSMYa1xCgYTvvsvpShbeRP52fz1p 100 5.57150346
125 93749 93736 1635737452 MmheZL6SN8RhzTtLdN4bhK7GXCZCbNmvVyY 10 0.55715034
126 93822 93809 1635739848 Mmf6Ez1qWZtnfLjcDKFdom8URzcchgMBcnZ 300 16.71451038
127 93921 93908 1635741995 MmYYBxhPnd6UNrKy7hjHVHjFMLxMPhofKad 1001 55.77074965
128 93996 93983 1635744065 MmXmN6nX5o1FTZ4XXasJ82muY6mipjFrS8c 110 6.12865380
129 94043 94030 1635745715 MmNCXReEaFeMsFdBtrEqKqB1ryk5QLG7kMv 4000 222.86013846
130 94247 94234 1635751758 MmaJ2tfSchbPCks8sGZDnp2fsKhmfNEJQCm 142 7.91153491
131 94311 94298 1635753743 MmZYrC2CKGNaUPFy82gueprG1N59WMprH5A 3000 167.14510384
132 94311 94298 1635753744 MmUkWYis5XQhkKWhZ4uQPF9B8z5aY3vEAyw 500 27.85751730
133 94597 94584 1635761928 MmTcWSYjy6UeZHjR5mvWSLHfoTPvKxDdcQ5 250 13.92875865
134 94694 94681 1635764799 MmRkXg5qgLu2CcjKVLSvEHWY29FmY3iAkAM 199.9 11.13743541
135 94734 94721 1635766068 MmLiUeVuXFi8QB42W5ivcWmGDvEBKtCzikM 64 3.56576221
136 94982 94969 1635773282 MmgQWnwy8GoyCPeAXCKxf85kqa6Ma4fEvEr 1000 55.71503461
137 95010 94997 1635774132 MmQ3RFahCMqY56WuUWRcMtePj9tE4VAPnGC 1000 55.71503461
138 95013 95000 1635774209 MmQKGoz3GPgCEjVJaAiTMa5HEBoRtqEo2Yz 1000 55.71503461
139 95078 95065 1635775980 MmRovVyMfB5diuUNaLNVZYpH98jkpG574ye 30 1.67145103
140 95084 95071 1635776106 MmRovVyMfB5diuUNaLNVZYpH98jkpG574ye 30 1.67145103
141 95201 95188 1635780128 MmLUPq8HMfz8dk9P28dG86SoVXYjLJ8weGu 100 5.57150346
142 96650 96637 1635823715 Mmh5rrz6yT73tggL2oZnNusWwvLhDowg5XL 100 5.57150346
143 96903 96890 1635830414 MmiLiuSNEfU1zZjhc3Xnhp9uZwdEMXg5KQK 251 13.98447368
144 96916 96903 1635830760 MmNSmWkZHzoXTnPgKFe5qvRZjuCS6aXkPaY 100 5.57150346
145 96925 96912 1635831130 MmRovVyMfB5diuUNaLNVZYpH98jkpG574ye 30 1.67145103
146 96983 96970 1635833705 MmazENqv1mU9sy3C3VgKNUiVKAi2ewyZWiE 499.99 27.85696015
147 97968 97955 1635862222 MmchK5bsiUcKMjkuiS48fNjEMSFuu4qYhk8 2000 111.43006923
148 98006 97993 1635863456 Mmdhq6FjRPwqhCs9kmaUqZMmWpHc4Ue9szz 300 16.71451038
149 98446 98433 1635876594 MmKyXQezZsz2MfHfojkJeuxhPKd2Cyy96L6 500 27.85751730
150 99441 99428 1635906703 MmYvVNquDGNv3fiUa6edJda3oFib6TQwWty 485 27.02179178
151 99515 99502 1635908897 MmNFV8WgmxHNCTApT2rWYB5bf9YFMPsgQTr 133 7.41009960
152 99605 99592 1635911938 MmVsfChfXVWULSrZUpH5BrZ76uDuQa9Wn5T 40 2.22860138
153 99963 99950 1635922213 MmXmN6nX5o1FTZ4XXasJ82muY6mipjFrS8c 7 0.39000524
154 100005 99992 1635923639 MmRE1R5jU7u6vFb8CwULBDVrZwM8Mrt3X8T 14 0.78001048
155 100202 100189 1635929579 MmRxoD9f57jDexnzoYXB8wQDZ5BiB2Y5J4e 200 11.14300692
156 100430 100417 1635936408 MmT9wChLYSjadTkGpXpqVCXrdUk5bdh3MEm 56 3.12004193
157 100723 100710 1635945203 MmRovVyMfB5diuUNaLNVZYpH98jkpG574ye 30 1.67145103
158 101070 101057 1635955847 MmcMivpY8AX5gqieDHchQTa5G1qMQr2ZDye 355 19.77883728
159 102382 102369 1636001255 MmiLiuSNEfU1zZjhc3Xnhp9uZwdEMXg5KQK 450 25.07176557
160 102678 102665 1636010714 MmZYrC2CKGNaUPFy82gueprG1N59WMprH5A 3000 167.14510384
161 102683 102670 1636010925 MmRADFuFtL9oGty49b4GopUqri18az7KJ1k 3000 167.14510384
162 102910 102897 1636017629 MmcRuyxwEhepu1BxMqmXGtNwQynWjAfKXHY 400 22.28601384
163 102989 102976 1636020393 MmRkXg5qgLu2CcjKVLSvEHWY29FmY3iAkAM 805 44.85060286
164 103013 103000 1636021132 MmheZL6SN8RhzTtLdN4bhK7GXCZCbNmvVyY 205 11.42158209
165 103148 103135 1636024628 Mmef8RgJvePP9JxGcfjfTQJNwXnfDabkgkF 100 5.57150346
166 103435 103422 1636034147 MmT1X5ekNjv683YckV8eLwTohr2KmoFHnw9 51 2.84146676
167 103554 103541 1636036691 MmPfeotwhUgedX2vCRxYECWKwb7xJJ45AxA 10000 557.15034616
168 103557 103544 1636036767 MmRovVyMfB5diuUNaLNVZYpH98jkpG574ye 30 1.67145103
169 103565 103552 1636037086 MmTJYKQHZjKkiSCYQPVxMKB8dFzTLfivCxQ 100 5.57150346
170 103598 103585 1636038194 MmdjjVhp5NNfoHmXc9muaywr5FiaswdGfMt 99 5.51578842
171 104837 104824 1636075637 MmYZ2kMr3teFLN8JKFrsSPuZN8yyB7brwSB 800 44.57202769
172 104856 104843 1636076236 MmaHf7YgjMZD5f98iqPrtTQJaenAYU6hU5C 450 25.07176557
173 105178 105165 1636085999 MmSZ8gNwhGK9aBdQf63ByekBeQvtJFBaNZf 99 5.51578842
174 105278 105265 1636088914 MmUFckCtS2zjANB3aA1sEJkzjqvyBrxdSjm 3999 222.80442343
175 105289 105276 1636089120 MmSXTLNDuyNULDhhzb3JoxgJMjDtGSfGjER 1760 98.05846092
176 105958 105945 1636109211 MmgQBFaZbmUxP5KjFYewb6NdWhgdj3nbtn2 2600 144.85909000
177 105969 105956 1636109526 MmgwnFVpwJrf86eQpWB6L3xrVfWfuLREffM 208 11.58872720
178 106002 105989 1636110703 MmYZ2kMr3teFLN8JKFrsSPuZN8yyB7brwSB 200 11.14300692
179 106081 106068 1636113220 MmaQLR8hdA2t4Qi61pKjyg3qfkFdZGKxwbF 1000 55.71503461
180 106141 106128 1636115188 MmaXQdHQSMYa1xCgYTvvsvpShbeRP52fz1p 50 2.78575173
181 106219 106206 1636117719 MmaJ2tfSchbPCks8sGZDnp2fsKhmfNEJQCm 51.816 2.88693023
182 106400 106387 1636122694 MmaJ2tfSchbPCks8sGZDnp2fsKhmfNEJQCm 45.451 2.53230403
183 106781 106768 1636134439 MmgQBFaZbmUxP5KjFYewb6NdWhgdj3nbtn2 4600 256.28915923
184 107526 107513 1636156860 MmgQWnwy8GoyCPeAXCKxf85kqa6Ma4fEvEr 500 27.85751730
185 107529 107516 1636156981 MmaHf7YgjMZD5f98iqPrtTQJaenAYU6hU5C 200 11.14300692
186 108267 108254 1636178445 MmRovVyMfB5diuUNaLNVZYpH98jkpG574ye 40 2.22860138
187 108348 108335 1636181548 MmcsGFC6KgG3JYq41jVQnumtnxy4Ygp2bkk 500 27.85751730
188 108412 108399 1636183723 MmcsGFC6KgG3JYq41jVQnumtnxy4Ygp2bkk 1200 66.85804153
189 108519 108506 1636186195 MmRoZpTtobGMyGSYd6mckwrou4s9YLbCdDG 150 8.35725519
190 108988 108975 1636200997 MmS7bQcM6yDKc5UrynFZcN9RxSPiCZLBiFy 3000 167.14510384
191 108991 108978 1636201192 MmTJYKQHZjKkiSCYQPVxMKB8dFzTLfivCxQ 100 5.57150346
192 109202 109189 1636207411 MmNkqvsAXgRhqZat549yoDzFxeFjYc1AEhE 149 8.30154015
193 110439 110426 1636246761 MmRovVyMfB5diuUNaLNVZYpH98jkpG574ye 50 2.78575173
194 110620 110607 1636255701 MmRrs85KK9bUXHJuc31MgWpVDLiQuYgYvgt 395 22.00743867
195 110815 110802 1636260557 Mmbyn3QvdrQZChT2QNbaZQxNFccpToz2inE 10000 557.15034616
196 111037 111024 1636267830 Mmah1RLFDExUR6WpSynQZ3VXRJCDtxMUjb4 99 5.51578842
197 111062 111049 1636268348 MmRovVyMfB5diuUNaLNVZYpH98jkpG574ye 50 2.78575173
198 111099 111086 1636269483 MmRrs85KK9bUXHJuc31MgWpVDLiQuYgYvgt 105 5.85007863
199 111605 111592 1636283940 MmTJYKQHZjKkiSCYQPVxMKB8dFzTLfivCxQ 50 2.78575173
200 113402 113389 1636336566 Mmhjd2RwQzbmXzKjvDXNU6Hs4GWWCGhKBYD 150 8.35725519
201 113409 113396 1636336972 Mmb9G5Psxcs587Hq4BgZT3P4ZbTmXQdyQi3 499 27.80180227
202 113836 113823 1636349919 MmY581YdQ5vF9L2gSnLFY5r9gDuv3f1YWrN 6500 362.14772500
203 114059 114046 1636356374 MmTWYAQ71RjaVPJKHXdPb6rgch8vf6RQZir 1000 55.71503461
204 114358 114345 1636364907 Mmbyn3QvdrQZChT2QNbaZQxNFccpToz2inE 10000 557.15034616
205 114358 114345 1636365065 MmQGopbFdPzpT77efoRCYqPjQbmjnYwnWQc 8501 473.63350927
206 114509 114496 1636369597 MmffLLdETmskgEqGnMoLT9vSkLXXUiKNsNC 1000 55.71503461
207 114799 114786 1636377511 Mmbyn3QvdrQZChT2QNbaZQxNFccpToz2inE 2000 111.43006923
208 114814 114801 1636377965 MmfvxtLu4JxDSt73L2taDqcPgGTiErCtQcS 1000 55.71503461
209 115045 115032 1636385991 MmUpHHReBVDAhge65JpZ3UiEUGqK7NbHpPW 500 27.85751730
210 115063 115050 1636386491 MmUpHHReBVDAhge65JpZ3UiEUGqK7NbHpPW 500 27.85751730
211 116285 116272 1636423251 MmbWS3CimuWwveKfhToxEMyUdHHjbXgSFvb 500 27.85751730
212 116322 116309 1636424496 MmSwyzLVivsWeirLHaENUaGRsBknmQdBwNT 1500 83.57255192
213 116343 116330 1636425260 MmZZmajEYsm4YxPoHzy5psw1T4o3esy66ok 5000 278.57517308
214 116548 116535 1636431035 MmMsJM5F7AGoG8SM2aNTfJW2zQwE7AFgkbd 999.99 55.71447746
215 116599 116586 1636432553 MmKxvwKiG86cCxZ145TEGQkbnfeXi1G7LPY 999.99 55.71447746
216 117244 117231 1636452221 MmfPRsX5kz6n1dsn7UG18Qjz5sT6JVM4Bzs 3000 167.14510384
217 117280 117267 1636452976 MmdeKjB16Y6Z3A5JyD4CFU3ciVDMk4CXt1J 999.99 55.71447746
218 117391 117378 1636456174 MmT9wChLYSjadTkGpXpqVCXrdUk5bdh3MEm 190 10.58585657
219 117976 117963 1636473999 MmV36o4n3fBSpsAdqL9tZ3i2ZPn3RfJTbhM 5000 278.57517308
220 119230 119217 1636511397 MmUkt5SCLeDKQFYsmD2DHfxed17AYxfMsmw 215.5 12.00658995
221 119308 119295 1636513464 MmLu9DUDSaLT34vA8GCBimPmFHiCn77Ti7k 500 27.85751730
222 119435 119422 1636517900 MmL5sQcDmhnPFEF2disKuEVLtcyM7M8goWb 1000 55.71503461
223 119468 119455 1636518644 MmXRm8PVMyY3hucgaojMp1jjxsGcpBgxj3G 500 27.85751730
224 119668 119655 1636524303 MmN38WFgtWdu57Fq2rEzRkFyiNK6Vebh6kV 500 27.85751730
225 119714 119701 1636525836 MmUPsjLfKK67CNr9BLhczAeF2mY3k8UW5bb 999.999 55.71497890
226 119757 119744 1636527313 MmMKfVnyXoEPoDVhHEHZBf9z5CuXJv4DXAi 2195.62 122.32904430
227 119769 119756 1636527757 MmQbg7r7whS9LqEDWHRrdS4A7irhe5ZqBxj 500 27.85751730
228 119921 119908 1636531952 MmawihkN6wQfWD86sFx9YxG9XUVXS1QBZiP 1500 83.57255192
229 119931 119918 1636532389 MmbQssY1M8xcgJRdXM5pB8CJXJhGLCJh7fk 538 29.97468862
230 119947 119934 1636533118 MmhWjdm7RkUGtUXk8CEkH3KxaDwJs9WWpv8 522.263 29.09790112
231 119971 119958 1636533961 MmcHvz2XcHVDA3x7J8sMQAYUAZ15HgwG9CB 6.7 0.37329073
232 119996 119983 1636534655 MmXrVxonfgmkk3Pidt7GYmjDvv8K6Qq8zTG 1000 55.71503461
233 120009 119996 1636535050 MmQbg7r7whS9LqEDWHRrdS4A7irhe5ZqBxj 300 16.71451038
234 120076 120063 1636537409 MmXydJxND8ZKoJpKpqPSWvh9haiSFxDYq7Y 509 28.35895261
235 120411 120398 1636546217 MmPnWZw83eqTZ3CHkSp2HpDkFC8eRkPVvbd 299.9997 16.71449367
236 120456 120443 1636547724 MmcX8tBV1eGTd1f65NBQtyVD64iycaxaxZX 999 55.65931958
237 120597 120584 1636553094 MmcUdesesq8M5KMNzLdr2h9zFSdbCdC6ruu 500 27.85751730
238 120611 120598 1636553605 MmQ32goTbGZ2rcsDLedu14uuHEt2jiZGPam 500 27.85751730
239 120630 120617 1636554238 MmfD3tKoLSp8jcZuBvhBpv8vxfNEdMbR9Ar 2510 139.84473688
240 120692 120679 1636555989 MmheZL6SN8RhzTtLdN4bhK7GXCZCbNmvVyY 20 1.11430069
241 120858 120845 1636560633 Mma3NmATUbQPPaHedx2bapF7DCTe55e6FoJ 500 27.85751730
242 120926 120913 1636562616 Mma3NmATUbQPPaHedx2bapF7DCTe55e6FoJ 0.8 0.04457202
243 121109 121096 1636567977 MmLZesELg8TPpaM2wTEZiaNcMLa8iPEiyvZ 5000 278.57517308
244 122008 121995 1636595343 MmecoK9v7NB9LSGgcqfMzr9WywRn7scjsfr 1000 55.71503461
245 122098 122085 1636598457 Mmh3xZsFpXr2w5kuy6WQdEyUimQnhqDvHKs 3001 167.20081888
246 122099 122086 1636598468 MmTomM8cApgqLU7GQffep3o63KZsZZ59x2m 4500 250.71765577
247 122107 122094 1636598786 Mmd1URYKeiiSxbu2mkoYepBuRjus1utwbM2 6000 334.29020769
248 122234 122221 1636601863 MmNgiwqNsJA7HFk7yyEiSPvFyVwQrXdM7rG 500 27.85751730
249 122236 122223 1636601893 MmUpHHReBVDAhge65JpZ3UiEUGqK7NbHpPW 1000 55.71503461
250 122297 122284 1636603495 MmXenvnvFdosgJFpHSMyAGFgjdDHEmfniAB 500 27.85751730
251 122306 122293 1636603813 MmWzfR1byJrgKQsuZBF3Qt52PkNhQaS4WdM 3000 167.14510384
252 122308 122295 1636603960 MmVyadFoDx877cP7QbPQwjQAYXem7vrX9rF 500 27.85751730
253 122431 122418 1636608149 MmYvJjcqFYV8yvJYQdaLeaQSP3CSWgkpaGr 503 28.02466241
254 122452 122439 1636609057 MmVqiCvnrYTTAB5AmLYaLGq58C6v7S798J2 1500 83.57255192
255 122473 122460 1636609702 Mmf59mjLdrTwe4nAxtoyyKsyg8feQ54koys 999.99 55.71447746
256 122481 122468 1636610001 MmbyzgUMHJeiHfhgUWpghdKpUDb7DkyXRqt 500 27.85751730
257 122518 122505 1636610896 Mmdy6N5oX87BwqwukYXMtvJfadvdSD5XU4n 1000 55.71503461
258 122564 122551 1636611941 MmTWbx137Pa5W1GhZYYZhnLJTrL5XUji3Uf 500.5 27.88537482
259 122617 122604 1636613298 Mmd66KYj7PgEvjwtySSNPP8ku9eTWy6RoPw 500 27.85751730
260 122632 122619 1636613966 Mmhn8B2neJg5ncSaXgTDy8kjn1ZzXt2jx7P 500 27.85751730
261 122645 122632 1636614348 MmhEBzQLCqZ2Z2HZVJ4BJUrLPPJVoApXATw 500 27.85751730
262 122697 122684 1636615498 MmRRTZXSukttvTgevtpkRLsXmPdEXTo9Xrx 579 32.25900504
263 122735 122722 1636616737 MmgsY7QYpNYjp7wz3g1ViUQ4FsM1XbLMpYA 1000 55.71503461
264 122769 122756 1636618119 MmUoK7TCKdzfZLNGZggxaMhDdhuDs4w6Gdf 500 27.85751730
265 122919 122906 1636622099 MmZYrC2CKGNaUPFy82gueprG1N59WMprH5A 2000 111.43006923
266 122921 122908 1636622144 MmMNU4HgUKoydvnzDH2JqyHr2WPYj9iCcVw 500.5 27.88537482
267 122957 122944 1636623078 MmXiUWVkmbeh2QBjsHZHqNAfh29d7efs3qN 700 39.00052423
268 123021 123008 1636625474 MmisiZEqQd6Vwic7uoZEjRr3jZghCF44bkp 2000 111.43006923
269 123028 123015 1636625729 MmSBoy37jGkkMTE1sk7L9KfVqrFm8khf71W 200 11.14300692
270 123045 123032 1636626229 MmbyzgUMHJeiHfhgUWpghdKpUDb7DkyXRqt 9000 501.43531154
271 123050 123037 1636626633 MmLepPCkiHdA99JXaH8vwt3zRcjxUTaCWbU 503.99 28.07982029
272 123050 123037 1636626634 MmT51Yb2osyoRgn9r3YRxRJvEByzD2k9Neg 535 29.80754351
273 123057 123044 1636626811 MmTomM8cApgqLU7GQffep3o63KZsZZ59x2m 500 27.85751730
274 123102 123089 1636628352 MmfmKVXNeGyDXdcPFctCaTP8YWGmeLdfAQg 2000 111.43006923
275 123179 123166 1636630769 MmWgKrQS1gWPempAVfqBZpUwxCkPF4jsEps 502.933 28.02092950
276 123244 123231 1636632692 MmQKu9HbTos6gD4wR2deErWTXdjR55vM3Sp 150 8.35725519
277 123244 123231 1636632775 MmcnmbvX441EdLhxD9SjMnXvhrfJJt1Bx4L 420 23.40031453
278 123300 123287 1636634252 MmYYBxhPnd6UNrKy7hjHVHjFMLxMPhofKad 1000 55.71503461
279 123496 123483 1636639731 MmVQeurhZakXzD3V8RkDFx22cUG96QXbjcC 499.99 27.85696015
280 123636 123623 1636644126 MmPVnee3txzJ4sjoJGv7JMpbYyoUsMi91zz 500 27.85751730
281 123643 123630 1636644346 MmiTMKzVyjokcpfoCfL1w6JBB2xnPuro8f7 530 29.52896834
282 124369 124356 1636666276 MmNCXReEaFeMsFdBtrEqKqB1ryk5QLG7kMv 1000 55.71503461
283 124536 124523 1636671224 MmZrBPaf499rqQgb4JrhkRBbf9jW71e3Bae 1505 83.85112709
284 124643 124630 1636675430 MmTBXbZ9yTXe9ETRsG2xfyk5NAAabtAWSbR 1500 83.57255192
285 124711 124698 1636677152 MmPwWyQHhvZt2FwrVTZnP2DzXJfuc5cWgBf 520 28.97181800
286 124752 124739 1636678102 MmirHbFavawQs7JX97bYA687TQ2xkLpfbbX 1001 55.77074965
287 124756 124743 1636678199 Mma84KVNJ1GH79uswDCyc5rUijzbrErD15q 1800 100.28706230
288 124917 124904 1636682539 MmQ3RFahCMqY56WuUWRcMtePj9tE4VAPnGC 300 16.71451038
289 124958 124945 1636683788 MmSTPCGi7iN7BkrosR6AeRkmYauJrs7QhpL 508 28.30323758
290 125009 124996 1636685570 MmMM5EM6Yj6HnHPtwmmBDfeoCmcHu7aKktu 504 28.08037744
291 125065 125052 1636687218 MmQ32goTbGZ2rcsDLedu14uuHEt2jiZGPam 501 27.91323234
292 125068 125055 1636687406 MmMkYPcY5uvXYoK64Bma4mWXXBzGwkz8NJh 500 27.85751730
293 125074 125061 1636687623 MmXrVxonfgmkk3Pidt7GYmjDvv8K6Qq8zTG 2000 111.43006923
294 125083 125070 1636687976 MmfvxtLu4JxDSt73L2taDqcPgGTiErCtQcS 500 27.85751730
295 125095 125082 1636688212 MmYcg229AEtNdHB5BVpvvowkH6E4T2Cpmdh 500 27.85751730
296 125189 125176 1636690953 MmRzJpp6sZxp847Du13zLtPuNa4jQNA7yrs 500 27.85751730
297 125189 125176 1636690955 MmXddTb6huKpMqpmiKXPdDXoERu1nT5YpZB 1000 55.71503461
298 125197 125184 1636691083 MmfvxtLu4JxDSt73L2taDqcPgGTiErCtQcS 500 27.85751730
299 125210 125197 1636691496 Mmfkn88tcrg7WPdjrTJqciv5AUHZfCEVLmC 500 27.85751730
300 125222 125209 1636691861 MmbU61K9Ug4dRsASHygtWj3JW3rmbGLyDuY 80 4.45720276
301 125256 125243 1636692941 MmTA7j1Jvm9eKpLYXocwKvQsJ9BBp2X8a4j 75 4.17862759
302 125260 125247 1636693148 MmSiDeYRp5JDkWPFUqATUNVAdM1NrWj6Kyg 89.91 5.00933876
303 125270 125257 1636693593 MmLaZiwRNbu5SfXYgmHDCJ8SJ8pGPxRMMQY 500 27.85751730
304 125285 125272 1636694046 MmffLLdETmskgEqGnMoLT9vSkLXXUiKNsNC 500 27.85751730
305 125290 125277 1636694256 MmRM4HV7enwP695pwXL3p7fxb4p428RJHeQ 2000 111.43006923
306 125290 125277 1636694267 MmffLLdETmskgEqGnMoLT9vSkLXXUiKNsNC 500 27.85751730
307 125291 125278 1636694315 MmZK62ew7q6LXs8bdrtspTd9z2Dw4mhTs81 180 10.02870623
308 125367 125354 1636696782 MmYS3Mwa6bn7Y9E7gscYQX1JKfHMacNM3Dx 500 27.85751730
309 125412 125399 1636698159 Mmd6TXvV5HYrJuw2C7drbGHCjtaDtxLFcnL 500 27.85751730
310 125440 125427 1636698924 MmUysz5uDCGosVq6MVo9r8fyWFqXD6UgQQ1 1500 83.57255192
311 125459 125446 1636699379 MmUL2XJhrvCpspaU1wzdd2NiQGiDvZCFEg7 500 27.85751730
312 125489 125476 1636700067 MmdTJ2MuCr6c7V7RiHATbmXJuj23i7whEeR 516.8 28.79352988
313 125507 125494 1636700563 MmRh5FvrsReQ2uLhsnoG7o7j6UM5vRpaVdS 501 27.91323234
314 125514 125501 1636700688 MmT9RwcZowYVZECPrPP5q3gfTmTJhjFVbXi 501 27.91323234
315 125597 125584 1636703052 MmSwyzLVivsWeirLHaENUaGRsBknmQdBwNT 500 27.85751730
316 125613 125600 1636703371 MmVsEjzaA5UawT8fJwQcrNP6Ge4udbbn4B6 500 27.85751730
317 125624 125611 1636703662 MmXHbwV4PVRhnfPYA2Zqa4af7MJsZH3HuuK 500 27.85751730
318 125678 125665 1636705258 MmNRaizQvV9pgP8pBaKo9ZbUhmNFRMBYYHq 500 27.85751730
319 125687 125674 1636705565 MmQJL9GxtBeNY5WNxjpWH3C5zLDX83p1S5e 501 27.91323234
320 125702 125689 1636706178 MmisiZEqQd6Vwic7uoZEjRr3jZghCF44bkp 500 27.85751730
321 125770 125757 1636708260 MmbqCrqt2kZCM3j1ax1Fp15N6sH7HbG3Dtj 500 27.85751730
322 125770 125757 1636708268 MmiAZpXeVFKjnYMd9EUoah5vbrrCgSF4WZ5 502 27.96894737
323 125778 125765 1636708500 MmSwyzLVivsWeirLHaENUaGRsBknmQdBwNT 500 27.85751730
324 125784 125771 1636708794 MmYAUhu9fTFsoSyvUUWQNikPWcn4u1B9dmi 500 27.85751730
325 125798 125785 1636709216 MmNRaizQvV9pgP8pBaKo9ZbUhmNFRMBYYHq 500.2 27.86866031
326 125817 125804 1636709799 MmiAZpXeVFKjnYMd9EUoah5vbrrCgSF4WZ5 503 28.02466241
327 125838 125825 1636710504 MmLMvCvoHX7mHWzbe8otvzqtsaw9a1dnMJK 499.99 27.85696015
328 125843 125830 1636710752 MmNRaizQvV9pgP8pBaKo9ZbUhmNFRMBYYHq 501 27.91323234
329 125854 125841 1636710978 Mmfkn88tcrg7WPdjrTJqciv5AUHZfCEVLmC 500 27.85751730
330 125860 125847 1636711185 MmiAZpXeVFKjnYMd9EUoah5vbrrCgSF4WZ5 503 28.02466241
331 125898 125885 1636712572 MmbKEodDWxS3JRUoiY1KLUiSJdRtuYaS9M3 501 27.91323234
332 125903 125890 1636712675 Mmhfh1B5wuPwP92as41oWckQwL8gvzZZNWD 500 27.85751730
333 125947 125934 1636713854 MmbQssY1M8xcgJRdXM5pB8CJXJhGLCJh7fk 530 29.52896834
334 125990 125977 1636714911 MmYoGFjrcf4iULoCGbv5JSSBiGnqdo6ztaL 1000 55.71503461
335 126000 125987 1636715195 MmYoGFjrcf4iULoCGbv5JSSBiGnqdo6ztaL 1 0.05571503
336 126049 126036 1636716496 MmPtTJiQMYZm6nWYbr2CjTt6roxAm6BJ6rn 500 27.85751730
337 126059 126046 1636716870 MmdiMnhsqFrzTCHz5gBtW1a31HcH5pmjKrm 10 0.55715034
338 126077 126064 1636717289 MmM1FJwHkJ4EyyL4trT5GgBNLqohPf9p3dv 98 5.46007339
339 126080 126067 1636717409 MmaktFeNC9wybbwHo3HN8UkZ7RbkytUgzhU 500 27.85751730
340 126098 126085 1636717913 MmM1FJwHkJ4EyyL4trT5GgBNLqohPf9p3dv 1900 105.85856577
341 126099 126086 1636717944 MmLGyr47NpyHpAE4BK1FSeBWMQDPRrsgEVy 500 27.85751730
342 126106 126093 1636718134 MmfBSxK6o4hzTXArtvtfwURvLkcEL2mdEDx 501 27.91323234
343 126157 126144 1636720087 MmLeyGcbFXJvdFjjeEQxirgGmMenuhL2afW 504 28.08037744
344 126199 126186 1636721342 MmaJ2tfSchbPCks8sGZDnp2fsKhmfNEJQCm 33.9 1.88873967
345 126209 126196 1636721555 MmaJ2tfSchbPCks8sGZDnp2fsKhmfNEJQCm 0.002 0.00011143
346 126225 126212 1636721977 MmUrZSLbJtzu2iEgHFMNiGBrpp4fS9TWw5Q 500 27.85751730
347 126253 126240 1636722724 MmSrnTgQBJoWA6BseYFkuvsGJuWCQP2w8mi 155 8.63583036
348 126267 126254 1636723305 MmQzua4Wxa6y1yjwfXdCeFhgZccCjJDuycj 501 27.91323234
349 126316 126303 1636724961 MmLCqYR6uFR9f9jrdocBAFW1gZkUg1czUjC 5001 278.63088811
350 126390 126377 1636726859 MmSrnTgQBJoWA6BseYFkuvsGJuWCQP2w8mi 4601 256.34487427
351 126401 126388 1636727370 MmZQ71YQ1jJLuPBDuwnC5p1qAtzNqaS2zQm 500 27.85751730
352 126473 126460 1636729268 MmUrXcCprFumxW3J6E6bRL25DbAtQkLBoXp 500 27.85751730
353 126485 126472 1636729585 Mme5ZnNHzE9GVji2td6Y5x5exPkVDHLYb2Q 501 27.91323234
354 126629 126616 1636734263 MmWQbA5rH3623C1gu5492nctdtxKdG7de1j 500 27.85751730
355 127165 127152 1636749967 MmQmXr8ke7nHRrpXmeUsGpMHxoC6fmuz4Qz 150.5 8.38511270
356 127570 127557 1636762836 MmZku2BAYP77uKj63Gms2qdEfeffx8TW5g4 500 27.85751730
357 127577 127564 1636763029 MmZku2BAYP77uKj63Gms2qdEfeffx8TW5g4 500 27.85751730
358 127577 127564 1636763035 MmMQFx2kv4PwRovX1uuQWd4cj9CKe3DcUfC 500.5 27.88537482
359 127580 127567 1636763110 MmZku2BAYP77uKj63Gms2qdEfeffx8TW5g4 500 27.85751730
360 127582 127569 1636763238 MmZku2BAYP77uKj63Gms2qdEfeffx8TW5g4 500 27.85751730
361 127714 127701 1636766690 MmecJbb7kuyfrBqMiU5ReLbNAT5VmSs4Ma3 500 27.85751730
362 127733 127720 1636767192 MmfHCY3T95h8C91kHNekABzh2gBMZVgBNzS 500 27.85751730
363 127743 127730 1636767347 MmceZEC9YZyEkwe6WVX1s3JCEdYPaohGRLZ 514.99 28.69268567
364 127743 127730 1636767356 MmUrXcCprFumxW3J6E6bRL25DbAtQkLBoXp 500 27.85751730
365 127915 127902 1636772970 MmVF3vpnLCnU3wf4ZxyNXjYxCM2PKW9RvHH 500 27.85751730
366 128071 128058 1636777859 MmXCK83x7XjmrsUEH4P3HL5WbgqvZe2z6Qm 500 27.85751730
367 128082 128069 1636778277 Mmet4yK7mcjgxSauQN9cwvuYQJsVAJ2dkJb 100 5.57150346
368 128198 128185 1636781781 MmNkqvsAXgRhqZat549yoDzFxeFjYc1AEhE 121 6.74151918
369 128274 128261 1636783565 MmX9RxuGeZmXFv2R3uGa4SUupEdry9NAJmF 501 27.91323234
370 128280 128267 1636783778 MmYcN6FMgd3GkmhkUaC3DcNoM8jDFGPajpb 501 27.91323234
371 128351 128338 1636785517 MmLH1F6S3iNPwE12mhNRqcoHGxYiiWstD9d 1000 55.71503461
372 128353 128340 1636785570 MmTozyfUgYx61EqJkfwPzoe92SPs4uQ5F2a 522 29.08324806
373 128453 128440 1636788999 MmXiUWVkmbeh2QBjsHZHqNAfh29d7efs3qN 41 2.28431641
374 128525 128512 1636791480 MmiZtXmUGTouVLWD4k1p5keWBzkRey9G9h7 507 28.24752255
375 128543 128530 1636792068 Mmfadc6NLfChUxpPn8YfdgJ1CQ676C8u4TJ 1000 55.71503461
376 128556 128543 1636792489 MmbQssY1M8xcgJRdXM5pB8CJXJhGLCJh7fk 479 26.68750158
377 128575 128562 1636792989 MmLephTaokmymR9ug7eH5JohRdNw4uXiie6 501 27.91323234
378 128575 128562 1636793024 MmgryJ1hy4zFpsA74XC6xD9zv5RUZbfhRMP 2500 139.28758654
379 128596 128583 1636793760 MmZz6WKMvChUwNdNrgNAbXKAoLsEtmcoo6s 500 27.85751730
380 128608 128595 1636793971 MmbTYJiBHyo1UWEvSfGfrtjx48qeg7pX5q4 500 27.85751730
381 128615 128602 1636794254 MmhczbvAAGh9NkQt95XgaUtVSjCYjUGURv3 160 8.91440553
382 128630 128617 1636794629 Mmec6iCP5Rq9zyecgRXdfczsDymEtmWVtCF 3000 167.14510384
383 128772 128759 1636798645 MmbwSpTYqGhVXcQ4LxKeKiy36M4yU329msC 500 27.85751730
384 128810 128797 1636799948 MmRdV7ikUvP2hJQicvaG5jFgFMDv2PbCVer 1000 55.71503461
385 128853 128840 1636801664 MmgffqJPyidPqn7FcMt6U4ckPnH8EPrnWmz 814 45.35203817
386 128929 128916 1636803974 MmRDnoBFpGV6cH1TyJetvVwxqDfpoas2uFD 500 27.85751730
387 128932 128919 1636804031 MmNdqgz9sSvzTJW3rivGnwkiiBXW2bCocrP 2500 139.28758654
388 129115 129102 1636809167 Mmgjobeaoa6vajrwUkA7SsRfe5QZCEpJWJG 40 2.22860138
389 129116 129103 1636809206 MmcyTd2iKBCkVvMtkbjJX6XYRwYsSqt4Uxc 1000 55.71503461
390 129176 129163 1636810735 MmhbU4qoj3tabg7XkENevyrFxqCmZPLF9Cc 500 27.85751730
391 129316 129303 1636814776 MmebVVW9FsvRL8sXeJLkrFT7DTTvtY3MUfU 500 27.85751730
392 129422 129409 1636818720 MmZnwi43753ak756s2dbDwdDKsmkQXACxSm 502 27.96894737
393 129462 129449 1636820154 MmVPkifZSfTjdaogATjyNGUhzCBh7T4RYgQ 500.8 27.90208933
394 130272 130259 1636844170 MmV2ykGWgvhFP9hJANLQ78on9KEmXqqTyQo 501 27.91323234
395 130433 130420 1636848708 MmNsLqY1VXq6Z14GnAc55isnZoGE5XRJaYZ 502 27.96894737
396 130562 130549 1636852887 Mmc82hjURu1ZNG9LLDYdug6p3EJdDug2GXf 1000 55.71503461
397 130650 130637 1636855430 MmgsY7WVihvTQuyWqnR1Cxy1mHSTrhPwKua 2000 111.43006923
398 130670 130657 1636856229 MmQ6X7zD4EWAs4oy9o7crhDs1g7kra3gJkj 500.199 27.86860460
399 130830 130817 1636860781 MmdpvqtMoJSd3PMqbGc2pbCDaum5KrTRRnr 500 27.85751730
400 130867 130854 1636861554 MmNsfDAqVw5gYxR3f1M7HTsxaePjsKomggT 507 28.24752255
401 130872 130859 1636861772 MmLf5X1zzjnMGWYMnRgq42RYRfNqPEBbak6 500 27.85751730
402 130934 130921 1636863528 MmMsJM5F7AGoG8SM2aNTfJW2zQwE7AFgkbd 505 28.13609248
403 130973 130960 1636864730 MmW9LcEADAhobcz29cjGjT4T2ZHmHvPZ5ow 500 27.85751730
404 131022 131009 1636866377 MmZ8SCnbxD48wNoV5b26ZoZ9dmhfucSr1rL 500.5 27.88537482
405 131052 131039 1636867422 MmhNrwjJFz7PkUra5H86aUsjSrWNbAFBs3K 500 27.85751730
406 131055 131042 1636867498 MmPzhyFbmWPDzgA5DcTkq7CGdwcFgTzQyiM 500.5 27.88537482
407 131089 131076 1636868588 MmZzdoNCqASxTiUeJrwxDuHpeSnzmusWLZK 500.05 27.86030305
408 131160 131147 1636870578 MmbBqjdF3rQRUDZ1rW6qyb8Dcx7pf21uMxJ 500 27.85751730
409 131170 131157 1636870850 MmfJNMM53dsoKBwJvgCQGpmnB3vmXDCSY2G 500.99 27.91267519
410 131213 131200 1636872074 MmiejEFXpdwibqSW8KApUByeGnSx6HxqAiT 500 27.85751730
411 131246 131233 1636873396 Mmfbsc3sT6bWwJVU4vTcSQiKPQRS2LHvVFm 500 27.85751730
412 131310 131297 1636875097 Mmfkn88tcrg7WPdjrTJqciv5AUHZfCEVLmC 2000 111.43006923
413 131453 131440 1636879422 MmdCfVYeuGLjStKW16vE6ryoY2qd4mdBp1K 503.4 28.04694842
414 131497 131484 1636880688 MmNPgMZKZqGSNQ4saEHdHjD4KQQoBXCSMPh 506 28.19180751
415 131601 131588 1636883923 Mmarz5seAPQmz1FStZK5pNPPTUYv5VxxY8F 1.02 0.05682933
416 131638 131625 1636884990 MmZouJRJSTZYnWEtsBUijzkP6f7D5FkSSrs 507 28.24752255
417 131674 131661 1636885882 MmeifGLJyScNx5CLxftWJzJ1WVKS7XDTPYe 505 28.13609248
418 131693 131680 1636886438 MmUkmv7H32mCBa8aPDZZfSGEYQawjAi9KxS 506 28.19180751
419 131716 131703 1636887142 MmThZehk5rjbCmt5VWmBmA5QnQo1W419Kfj 388 21.61743343
420 131870 131857 1636892086 MmVHPgTjvRHsHzj4zbSmrcDd1h89GFXBFkD 50 2.78575173
421 131920 131907 1636893641 MmdUYVcpbZviqhfmpECjibiahC7D9bhEMpg 1000 55.71503461
422 132020 132007 1636896641 MmRC3szH2gsZATebpiw9TVPuoWMMJFG3UKh 501 27.91323234
423 132057 132044 1636897690 MmiFN1oH8urXTencsxWPLCLAAYHTndTczzg 5000 278.57517308
424 132092 132079 1636898527 MmWsDVQRAL3ooKB1yJwyvuMNvxNvYiFMMNu 500 27.85751730
425 132217 132204 1636902239 MmTj8G6QyrAJhunACnLJAz1XQahwLYHyuvN 501.77 27.95613291
426 132229 132216 1636902599 MmLYRMBvFyAoyrgVnFy2VqGbXToErqGSofY 508 28.30323758
427 132272 132259 1636904120 MmdorKZ3AyK5RRAvMBPansDFozkayV1Q1vg 502 27.96894737
428 132277 132264 1636904307 MmdorKZ3AyK5RRAvMBPansDFozkayV1Q1vg 501 27.91323234
429 132282 132269 1636904448 MmdorKZ3AyK5RRAvMBPansDFozkayV1Q1vg 500 27.85751730
430 132354 132341 1636906349 MmZKUSnb4oGQALYNkfC4buKYRvKXXpWC8Qp 501 27.91323234
431 132359 132346 1636906775 MmX5sTQABQa7g7PzpHzt51ddnE1bK9D1W1H 500 27.85751730
432 132585 132572 1636913343 MmdorKZ3AyK5RRAvMBPansDFozkayV1Q1vg 504 28.08037744
433 132589 132576 1636913499 MmdorKZ3AyK5RRAvMBPansDFozkayV1Q1vg 505 28.13609248
434 132767 132754 1636918527 MmdorKZ3AyK5RRAvMBPansDFozkayV1Q1vg 506 28.19180751
435 132770 132757 1636918679 MmdorKZ3AyK5RRAvMBPansDFozkayV1Q1vg 507 28.24752255
436 132919 132906 1636923677 MmRCAnujmXeDDPigy8F5S1bJfdKA5mGJNP1 500 27.85751730
437 132927 132914 1636923941 MmRCAnujmXeDDPigy8F5S1bJfdKA5mGJNP1 1 0.05571503
438 132957 132944 1636924721 MmRCAnujmXeDDPigy8F5S1bJfdKA5mGJNP1 0.9 0.05014353
439 133323 133310 1636935195 MmRvDJYpk6Fn8oJQtCGss8v7VgZSF5WrRyp 503.99 28.07982029
440 136788 136774 1636937594 MmfYfTEyYmpei7PGvqQ8SuzfEPQNpvHAc7T 503 28.02466241
441 136578 136564 1636937594 MmazKP7wDSNYq28VdSyRe6AphUZpphcuhZz 1000 55.71503461
442 136791 136777 1636937594 MmVka7EtUVq8u8wNqmBor4nBui7SpAUk9Gt 1000 55.71503461
443 136935 136921 1636937594 MmcnGxwdTVZ7r5id3AejGiRMH4KXUVeMy7P 3000 167.14510384
444 137925 137911 1636937594 Mmitkm7jdxmKiD7zx26UzPbavtR1pdC4KDN 500 27.85751730
445 137432 137418 1636937594 Mmb4cn9kN3QMGBZRZ86GG8Nce8YRFr9XLbX 500.2 27.86866031
446 136809 136795 1636937594 MmirTBstzGHGBqk8VrACTcNbmGojiwxfNJk 499.999 27.85746159
447 137585 137571 1636937594 MmNHWpf81ESPKnXZqRT89nhDaxZVLMa7ZYE 511.4 28.49266870
448 137087 137073 1636937594 MmNYhyTASd3ozVxACfi59v2eax6LTdCguQc 528.86 29.46545320
449 137097 137083 1636937594 MmY41GffRytxtGhtDibBAUd9qk9q9YPcFHg 2000 111.43006923
450 136691 136677 1636937594 MmVpLVQZPHcge8LyZyRtNeL5Q3HCAaxNvtp 400 22.28601384
451 137522 137508 1636937594 MmRrBTqPgvtPYYNHpPXKXUBumo4qSENYA7E 30.02 1.67256533
452 136770 136756 1636937594 MmN3naE5eGGaveXQxvgWs3mnwDvSegyUeey 501 27.91323234
453 137754 137740 1636937594 Mma84KVNJ1GH79uswDCyc5rUijzbrErD15q 185 10.30728140
454 138879 138865 1636937594 Mmc2dxFZF9pXh5gWTVsEKE8YzDspErWmc6j 19 1.05858565
455 137132 137118 1636937594 MmbEEDc4pvSD4oUBWVYFHKmpxhC9fcmWXs6 300 16.71451038
456 137380 137366 1636937594 MmZXzRtP3VhJ97gCSF9pDqyURRtmsaLvDUT 501 27.91323234
457 136821 136807 1636937594 MmN3naE5eGGaveXQxvgWs3mnwDvSegyUeey 500 27.85751730
458 137263 137249 1636937594 MmXqW5acePJfsKHmp8Coohmq2N7GUAZsGFX 100 5.57150346
459 145687 145671 1636937594 MmP2SDVc224LWdykyPqeMg4xdMZv82CnN4C 499.5 27.82965979
460 136816 136802 1636937594 MmVka7EtUVq8u8wNqmBor4nBui7SpAUk9Gt 1000 55.71503461
461 133401 133388 1636937905 Mmh9P83PT1NYdfT4Dp8gTRQu79zHbeKrQTS 516 28.74895786
462 133452 133439 1636939537 MmYRMupDKH5RGuyc2GPXxis1Vp9HuvKfUDT 512 28.52609772
463 133490 133477 1636940335 Mmay2gxPk4TPPKUN913VSKgkDuKQgsqSPfw 501.19 27.92381819
464 133528 133515 1636941377 MmPLTR1gSP7ER8f52WriD1sTQMULLf9PnHU 501 27.91323234
465 133561 133548 1636942945 MmRADFuFtL9oGty49b4GopUqri18az7KJ1k 1500 83.57255192
466 133566 133553 1636943046 MmdjjVhp5NNfoHmXc9muaywr5FiaswdGfMt 1000 55.71503461
467 133603 133590 1636944464 MmNRaizQvV9pgP8pBaKo9ZbUhmNFRMBYYHq 500.3 27.87423181
468 133618 133605 1636945028 MmVHPgTjvRHsHzj4zbSmrcDd1h89GFXBFkD 450 25.07176557
469 133634 133621 1636945370 MmNRaizQvV9pgP8pBaKo9ZbUhmNFRMBYYHq 500.4 27.87980332
470 133645 133632 1636945666 MmeC1cvygxTnaYScQ4yx7HMxtu8p8cbtohG 500 27.85751730
471 133647 133634 1636945701 MmSeJBhxxUcE85LDWt79QCVu5FNM8Y1bnjP 514 28.63752779
472 133662 133649 1636945998 MmYAUhu9fTFsoSyvUUWQNikPWcn4u1B9dmi 500 27.85751730
473 133668 133655 1636946141 MmVQeurhZakXzD3V8RkDFx22cUG96QXbjcC 500.1 27.86308881
474 133688 133675 1636946564 MmVQeurhZakXzD3V8RkDFx22cUG96QXbjcC 501.4 27.93551835
475 133784 133771 1636949084 MmfFwmZMZpaxRGXC7eeND53W7ogybC7Z36A 200 11.14300692
476 133849 133836 1636951126 MmVnbheJ2SPmMCtsrrni4ibfxkFWCREQfXa 500 27.85751730
477 133868 133855 1636951829 MmZYrC2CKGNaUPFy82gueprG1N59WMprH5A 2000 111.43006923
478 133880 133867 1636952166 MmPaMTUje5tP6VW9HRuRZzL4216u9nsWqKU 500 27.85751730
479 133890 133877 1636952463 MmNLuzxGHzKSUaGDFijdohLXJomoBeLuUaX 500 27.85751730
480 133943 133930 1636954008 MmdQiYMFNcTz7U4PsNw4Z5imUcYHQdWX27K 500 27.85751730
481 133945 133932 1636954063 MmUTFkg4K6EmKSGd7QeWZ1oxcpW2DH5npHU 501 27.91323234
482 133947 133934 1636954171 MmKjLLLyj1T6vBi4EQtKB23yhZkVcrvESma 500 27.85751730
483 133981 133968 1636955388 MmRsK8sgQzPWmGYhAio5FVNdnVJviFoyyN3 500 27.85751730
484 133991 133978 1636955856 MmdorKZ3AyK5RRAvMBPansDFozkayV1Q1vg 500.5 27.88537482
485 134003 133990 1636956241 MmdorKZ3AyK5RRAvMBPansDFozkayV1Q1vg 501.5 27.94108986
486 134011 133998 1636956612 MmdorKZ3AyK5RRAvMBPansDFozkayV1Q1vg 502.5 27.99680489
487 134014 134001 1636956723 MmiTC5Qa3VAmQ4EoiDPbUNfHSNCcYUG245t 500 27.85751730
488 134033 134020 1636957388 MmWoE96zsR74Zc9UA1ga1GtafMESbXztgpz 38 2.11717131
489 134076 134063 1636958991 MmTPnuL6DVQqPLnpjsBMvBkDPvqxByHaUdL 510 28.41466765
490 134152 134139 1636960925 MmSvfrQLzAwGaN6xxYxdFdYmtTxp2Vrfrw6 500 27.85751730
491 134173 134160 1636961332 Mmcb2Ljt9m61HJicL5QcfkzxPns4uSmcDqE 501 27.91323234
492 134178 134165 1636961529 Mma9ezvbzSYNLEXPasWokx1GaoDtUNe1682 95.32 5.31075709
493 134192 134179 1636961743 MmetRDjg6AqxANLa1zK8Y1vjJZv1gVcVYr1 500 27.85751730
494 134202 134189 1636962000 MmdorKZ3AyK5RRAvMBPansDFozkayV1Q1vg 500.3 27.87423181
495 134218 134205 1636962285 MmL5qsWEU6jYYtUyDCys4ZZmB5ubRDQcHjQ 500 27.85751730
496 134221 134208 1636962329 MmdorKZ3AyK5RRAvMBPansDFozkayV1Q1vg 501.3 27.92994685
497 134250 134237 1636963444 MmPWYcnLKdTYZPHJd2ud6GGx5oDWLWheMyP 501 27.91323234
498 134264 134251 1636963751 MmUwz46SkyNYQYtDSG3kwXn7eEhESWecP1D 2000 111.43006923
499 134279 134266 1636964195 MmeAgGy2U8JT3Mi2ZbkTQXx5K2jNB1MDv6e 500 27.85751730
500 134325 134312 1636965635 MmL61kjaS9fokG54E5NhcXmwcrscp9QfUwX 500 27.85751730
501 134357 134344 1636966548 Mmcmj2ihxnmjmPNvwrz5Wt69tacKcn8ZWhw 6800 378.86223539
502 134365 134352 1636966874 MmVzxU19X6R3suaeQ9YTwPRLJfBZJV1pD19 502.3 27.98566188
503 134389 134376 1636967303 MmhJC82kZq3EQxJQCqTwdx1caKg4FJS1XS4 510 28.41466765
504 134397 134384 1636967557 MmMGbx6eEUyvs81upHotWE125kGNX6AeSHr 500 27.85751730
505 134414 134401 1636968106 MmUJGE9wpKJ62qWqY1W9h5igTNuoLx5aUEi 507.76 28.28986597
506 134425 134412 1636968732 MmdhT1XdVzApYtCSTMrbhbw7kHHnjopXX5g 500.99 27.91267519
507 134444 134431 1636969309 MmR7STCsZ7v5J4CWPieyP72fdB1vHqQCnHj 505 28.13609248
508 134483 134470 1636970420 MmacZ7Havvsahm883SNhivdywmxkzdtgiig 500 27.85751730
509 134493 134480 1636970754 MmLQB7g7VsLxo882fL4iEtLTyMrzevoCMQA 500 27.85751730
510 134499 134486 1636970909 MmUng4CfY4RV9mKiWUG9S9A6x8YRDmabBCy 501 27.91323234
511 134511 134498 1636971139 MmM16UEtcrGqfUG2H3GmeSoFbN5huWa4ojR 500 27.85751730
512 134520 134507 1636971325 Mma9a8FjeHqdb7iQKpnGzGMcFXDqMf19UmQ 502.598 28.00226496
513 134528 134515 1636971485 MmYcg229AEtNdHB5BVpvvowkH6E4T2Cpmdh 500 27.85751730
514 134578 134565 1636973191 MmWPhar7x4HRDBErUrYTLSbwQ4EAQHrziWs 500 27.85751730
515 134587 134574 1636973503 Mmb9fgf1vydTBHqF18SfwaHhWJ7NjYMwAmL 500 27.85751730
516 134643 134630 1636975223 MmfPRsX5kz6n1dsn7UG18Qjz5sT6JVM4Bzs 3500 195.00262115
517 134668 134655 1636975862 MmQAZKaZRw6qzC3a3GGAsfiH7CZCzznB67t 150 8.35725519
518 134672 134659 1636976014 MmRMc4j2pKFiWbUaTh8fg6TKj1u5ZCZZxCv 500.6 27.89094632
519 134675 134661 1636976096 MmZAuxsoFaA42FRXx3kdJ8FqsjKTUhHGJji 500.199 27.86860460
520 134682 134668 1636976268 MmYDZPsU46p9wLHJbAf1fpfszADyiahU1w6 500 27.85751730
521 134702 134688 1636976706 MmRw2FxsrWXMiFV8h2QmeMakteJ7jvAz2HB 500 27.85751730
522 134713 134699 1636977107 MmeF8Tk8EbyEySUynsMHx9PJuts6vVtjvK2 400 22.28601384
523 134761 134747 1636978684 MmekQyH1HUpVWBLivdzRRoSr9ikaTsejppo 1002 55.82646468
524 134894 134880 1636982649 Mmdk1NP19WeYh5ejeGsizroWQ8T4tY49B2R 501 27.91323234
525 134949 134935 1636984395 MmTmFpejdi4PZPe2wdtiGPSHKAmJPKh24P1 504 28.08037744
526 134953 134939 1636984545 MmXT3Vi5x9FLsAWWrXajdxuNVSWpPQSQGAc 504 28.08037744
527 134993 134979 1636985668 MmWTpvy4CCGsJrqMx4jquAz4sTiyZ3deDiE 5000 278.57517308
528 134998 134984 1636985812 MmRyEs1WjWA6FZqAS1bcVGCftguqCcdVCsu 500 27.85751730
529 135000 134986 1636985904 MmZv4fpJeoVeRr7S5n34UmZNatLWu1usqem 499.999 27.85746159
530 135010 134996 1636986328 Mmgxc4THDyqyjN4ijCWb7MM3sMoriXG3TTL 504 28.08037744
531 135051 135037 1636987880 MmMau4EhdL2EJ3MSzguhs5prENQLJN3zbBG 500 27.85751730
532 135101 135087 1636989347 MmLnZ3DFsjBLjsGH7PnubRX32J99xS2yGAj 500.5 27.88537482
533 135719 135705 1637007989 MmeFSkDfiY76fqEKmdMjNumPCmxU7q7xQRX 500 27.85751730
534 136179 136165 1637021590 MmiuCjM6wJzuXdGYeFyiv2tMauk3HYRBvuu 500 27.85751730
535 136254 136240 1637023661 MmZmumg8Jp7mzFNNcRZ1kWvrkyufBotP1VU 499.99 27.85696015
536 136325 136311 1637026014 MmSaCzzrE5e33C7cffSjHcWYaLbbtLj61M4 500 27.85751730
537 136388 136374 1637027911 MmYS3Mwa6bn7Y9E7gscYQX1JKfHMacNM3Dx 1000 55.71503461
538 136703 136689 1637036794 Mmi6fpgtWvWHZmpyyhhLvD2Pr4d3qwRngk8 500 27.85751730
539 136908 136894 1637043649 MmNRaizQvV9pgP8pBaKo9ZbUhmNFRMBYYHq 1000 55.71503461
540 136949 136935 1637044663 MmNRaizQvV9pgP8pBaKo9ZbUhmNFRMBYYHq 1000.09 55.72004896
541 137534 137520 1637062541 MmNeCfYHCoucwjKFzLVSU9HPemGqYhZjq4Q 292 16.26879010
542 137637 137623 1637065589 MmiFN1oH8urXTencsxWPLCLAAYHTndTczzg 13000 724.29545001
543 137819 137805 1637071135 MmYcg229AEtNdHB5BVpvvowkH6E4T2Cpmdh 500 27.85751730
544 139229 139215 1637113292 MmTcWSYjy6UeZHjR5mvWSLHfoTPvKxDdcQ5 300 16.71451038
545 139259 139245 1637113954 MmTzk11ShsQi3kYGNbjN3mxkiixKX74MfnW 508 28.30323758
546 139261 139247 1637114020 MmbQssY1M8xcgJRdXM5pB8CJXJhGLCJh7fk 498 27.74608723
547 139292 139278 1637115095 MmRovVyMfB5diuUNaLNVZYpH98jkpG574ye 50 2.78575173
548 139308 139294 1637115437 MmRQhCtZEgr1dksnbzHrEP2GVHrqhyb92wG 40 2.22860138
549 139313 139299 1637115588 MmfjZzMqKdAGtcb9Jze9pVrfcmBApUpurUx 500 27.85751730
550 139614 139600 1637124564 MmhWjdm7RkUGtUXk8CEkH3KxaDwJs9WWpv8 532 29.64039841
551 139620 139606 1637124639 MmNSmWkZHzoXTnPgKFe5qvRZjuCS6aXkPaY 200 11.14300692
552 139684 139670 1637126490 MmP4xhitsu4J6dDrAs7afmznotBX4aCu3wR 500 27.85751730
553 139954 139940 1637135007 MmdDeawW871hi5QfrC1C2E42n8fUKUx4YR7 500 27.85751730
554 140072 140058 1637138819 MmhSY9MqgESatu6sVBRgVoCkkeTM9dMw4ur 0.09 0.00501435
555 141175 141161 1637171481 Mmc3SKqDmGZqaKLdUYE6S6ufkJsorX4wf6U 1000 55.71503461
556 142441 142427 1637209558 Mmh3xZsFpXr2w5kuy6WQdEyUimQnhqDvHKs 2000 111.43006923
557 142469 142455 1637210476 MmcHgekuBRYxMHKKici6Wo9FxbBukhjvXsN 63 3.51004718
558 142492 142478 1637211111 MmTQUTeB4BMT1YSiBZTYzsXamAhMetrjqqF 45 2.50717655
559 142506 142492 1637211433 MmN3naE5eGGaveXQxvgWs3mnwDvSegyUeey 1000 55.71503461
560 143652 143637 1637246893 MmRovVyMfB5diuUNaLNVZYpH98jkpG574ye 25 1.39287586
561 145386 145370 1637299084 MmUoK7TCKdzfZLNGZggxaMhDdhuDs4w6Gdf 501 27.91323234
562 145390 145374 1637299208 MmbQssY1M8xcgJRdXM5pB8CJXJhGLCJh7fk 500 27.85751730
563 145400 145384 1637299369 MmbQssY1M8xcgJRdXM5pB8CJXJhGLCJh7fk 500 27.85751730
564 145489 145473 1637302357 MmN3naE5eGGaveXQxvgWs3mnwDvSegyUeey 1000 55.71503461
565 146174 146157 1637322407 MmaJ2tfSchbPCks8sGZDnp2fsKhmfNEJQCm 3.84 0.21394573
566 146593 146576 1637335090 MmWTpvy4CCGsJrqMx4jquAz4sTiyZ3deDiE 3500 195.00262115
567 147556 147538 1637364018 MmXVh9DwBGxDKjrm7pSCNxS7V61wDeeNBGG 499.5 27.82965979
568 147811 147792 1637371625 MmecJbb7kuyfrBqMiU5ReLbNAT5VmSs4Ma3 500 27.85751730
569 148056 148037 1637379198 MmRovVyMfB5diuUNaLNVZYpH98jkpG574ye 50 2.78575173
570 148123 148104 1637381362 MmdeKjB16Y6Z3A5JyD4CFU3ciVDMk4CXt1J 2000 111.43006923
571 148194 148175 1637383551 MmdeKjB16Y6Z3A5JyD4CFU3ciVDMk4CXt1J 500 27.85751730
572 148356 148333 1637387684 MmRE1R5jU7u6vFb8CwULBDVrZwM8Mrt3X8T 16 0.89144055
573 148397 148374 1637388669 MmLephTaokmymR9ug7eH5JohRdNw4uXiie6 501 27.91323234
574 148444 148421 1637390365 MmecJbb7kuyfrBqMiU5ReLbNAT5VmSs4Ma3 500 27.85751730
575 148774 148750 1637400724 MmbWS3CimuWwveKfhToxEMyUdHHjbXgSFvb 500 27.85751730
576 149874 149850 1637433389 MmdZ3bookmK6uEwJ7xcsJAR1ghW8VCvX6ae 8 0.44572027
577 151252 151219 1637474534 MmVka7EtUVq8u8wNqmBor4nBui7SpAUk9Gt 1500 83.57255192
578 151280 151246 1637475290 MmSBoy37jGkkMTE1sk7L9KfVqrFm8khf71W 51 2.84146676
579 151375 151340 1637478082 MmKxvwKiG86cCxZ145TEGQkbnfeXi1G7LPY 500 27.85751730
580 151494 151459 1637481363 MmYoqA6R8uJCEvcJTNo9hs2tscXmLhzGtSe 500 27.85751730
581 151503 151468 1637481585 MmLBXnZcU36WtiAAgRcwAYKv9Fr5gfmDqSb 500 27.85751730
582 151594 151557 1637485420 Mmh9B3rUPomvGF5s5wNAU3LHiYRZ4PjnX9S 499.999 27.85746159
583 151803 151764 1637491002 MmcnmbvX441EdLhxD9SjMnXvhrfJJt1Bx4L 154 8.58011533
584 151890 151850 1637493522 MmaJ2tfSchbPCks8sGZDnp2fsKhmfNEJQCm 3 0.16714510
585 152113 152069 1637500312 MmLdQYHXqF89JjAyoaZ5smfYdk8UbKRhEJK 500.1 27.86308881
586 153674 153626 1637547724 MmRovVyMfB5diuUNaLNVZYpH98jkpG574ye 50 2.78575173
587 154146 154097 1637561596 MmVka7EtUVq8u8wNqmBor4nBui7SpAUk9Gt 500 27.85751730
588 154484 154435 1637571713 MmRovVyMfB5diuUNaLNVZYpH98jkpG574ye 200 11.14300692
589 155099 155046 1637589926 MmXrVxonfgmkk3Pidt7GYmjDvv8K6Qq8zTG 2000 111.43006923
590 155131 155077 1637590653 MmYZ2kMr3teFLN8JKFrsSPuZN8yyB7brwSB 130 7.24295450
591 156543 156485 1637633563 MmU1Pq5snhfZtq4WSNLpUpab8awmfjNea44 500 27.85751730
592 156559 156501 1637634012 MmY6e9yakafdsbtgVUdaZEFkzWrn8B3jpMX 4999 278.51945804
593 156770 156710 1637640110 MmVYoG5hQ5ANTvSb5y7LpzrXQf2d1e61qQr 400 22.28601384
594 156788 156727 1637640748 MmQrd3iSHZKryrTnyGfiHQ6xtyjKWTtgpAR 4999 278.51945804
595 156827 156765 1637641900 MmLQB7g7VsLxo882fL4iEtLTyMrzevoCMQA 500 27.85751730
596 156886 156823 1637643328 MmSAMyu65oY1vdLMNKxFX5DhZ3RQRmP2fsk 2000 111.43006923
597 157002 156938 1637647234 MmZYrC2CKGNaUPFy82gueprG1N59WMprH5A 5000 278.57517308
598 157026 156961 1637647854 MmiFN1oH8urXTencsxWPLCLAAYHTndTczzg 4000 222.86013846
599 157035 156970 1637648236 MmffLLdETmskgEqGnMoLT9vSkLXXUiKNsNC 500 27.85751730
600 157058 156993 1637648754 MmVka7EtUVq8u8wNqmBor4nBui7SpAUk9Gt 500 27.85751730
601 157073 157008 1637649151 MmfvxtLu4JxDSt73L2taDqcPgGTiErCtQcS 500 27.85751730
602 157098 157033 1637649903 MmaJ2tfSchbPCks8sGZDnp2fsKhmfNEJQCm 0.009 0.00050143
603 157158 157093 1637651734 MmRw2FxsrWXMiFV8h2QmeMakteJ7jvAz2HB 500 27.85751730
604 157593 157523 1637664537 MmZv4fpJeoVeRr7S5n34UmZNatLWu1usqem 500 27.85751730
605 157630 157558 1637665679 MmLaZiwRNbu5SfXYgmHDCJ8SJ8pGPxRMMQY 500 27.85751730
606 157641 157569 1637666012 MmhJC82kZq3EQxJQCqTwdx1caKg4FJS1XS4 500 27.85751730
607 157777 157705 1637669983 MmTBXbZ9yTXe9ETRsG2xfyk5NAAabtAWSbR 1000 55.71503461
608 157969 157890 1637676115 Mmd88VtTy5A3AfxueJtcSV3YQMXfAvb2zvk 500 27.85751730
609 158048 157969 1637678385 MmUMcjj4J6x5ZzTbvrXDMhgjF2yifMed5gG 500 27.85751730
610 158149 158066 1637680760 MmaJ2tfSchbPCks8sGZDnp2fsKhmfNEJQCm 142.259 7.92596510
611 158187 158104 1637681883 MmSPoCHbTsR8VZ7rqgmhRRBrBJeGbUQemw3 500 27.85751730
612 158254 158171 1637683982 MmSPoCHbTsR8VZ7rqgmhRRBrBJeGbUQemw3 500 27.85751730
613 158763 158678 1637698889 MmRovVyMfB5diuUNaLNVZYpH98jkpG574ye 100 5.57150346
614 159477 159388 1637720508 MmL3Uqm518c8drKma4VjmhRkwr6XBqpdzgX 600 33.42902076
615 159788 159697 1637730308 MmRirryujF3XKkQkh2BUEDui5eVgri6B5B3 500 27.85751730
616 159796 159704 1637730589 MmWTpvy4CCGsJrqMx4jquAz4sTiyZ3deDiE 10000 557.15034616
617 159917 159821 1637734075 MmZku2BAYP77uKj63Gms2qdEfeffx8TW5g4 500 27.85751730
618 159920 159823 1637734110 MmYS3Mwa6bn7Y9E7gscYQX1JKfHMacNM3Dx 500 27.85751730
619 159934 159837 1637734589 MmXGDKbhzTxGix25EKotC8DPTUcFMvWPxym 500 27.85751730
620 159982 159884 1637735947 MmXrVxonfgmkk3Pidt7GYmjDvv8K6Qq8zTG 1000 55.71503461
621 159987 159889 1637736092 MmiFN1oH8urXTencsxWPLCLAAYHTndTczzg 2000 111.43006923
622 160250 160149 1637743709 MmiLv4mQu85EvJz7Tb6hcMqhJ4VmjFeN4xR 501 27.91323234
623 160273 160172 1637744323 MmNFV8WgmxHNCTApT2rWYB5bf9YFMPsgQTr 107 5.96150870
624 160386 160284 1637747636 MmQcg16q1K712MJfpJbFf4tcnmf6AoRFmkr 499.99 27.85696015
625 160419 160317 1637748577 MmfAukuXYREazeVCDC3cPt3b7Yw9ADHxyuX 500 27.85751730
626 160590 160482 1637753620 MmLephTaokmymR9ug7eH5JohRdNw4uXiie6 501 27.91323234
627 160608 160500 1637754027 Mmbgkqx9h6b7abENQwF1aFkAjqtKdDj2TwN 500 27.85751730
628 160680 160570 1637756087 Mme2S1C6wTwFD4hKoDoKiWhkv64ak3MTRD2 500 27.85751730
629 160805 160693 1637759970 Mmgihgn5BZE8xDhh61MqKomF7CFLHmDEZQY 500 27.85751730
630 161065 160946 1637767583 MmXSCZgov3VtpkpSGUkGF5Ezm8viZX8DuZK 500 27.85751730
631 161090 160970 1637768398 Mmc82hjURu1ZNG9LLDYdug6p3EJdDug2GXf 1000 55.71503461
632 162142 162018 1637800221 MmR3yfPYwtaWHmAxjSRWP5ymxH4HFtws39K 1000 55.71503461
633 162157 162032 1637800478 MmTj8G6QyrAJhunACnLJAz1XQahwLYHyuvN 500 27.85751730
634 162280 162155 1637804118 MmKsfKXaAM1256oVMgkRy2SXZjV5M9U5BU4 500.5 27.88537482
635 162384 162253 1637806779 MmQHRcP7KmPRci1jNwPZXvNsHdJPuQ14Jbe 500.5 27.88537482
636 162446 162313 1637808358 MmhtDk5pZsuSWiDys29zcr69A1CG7Foor4t 500 27.85751730
637 162530 162394 1637811012 MmeC1cvygxTnaYScQ4yx7HMxtu8p8cbtohG 2505 139.56616171
638 162543 162407 1637811580 MmhJC82kZq3EQxJQCqTwdx1caKg4FJS1XS4 500 27.85751730
639 162633 162493 1637814459 MmhQFhdgQb5VejLZRvVLTAXGMyM4fpMhJk5 500 27.85751730
640 162638 162496 1637814563 MmhQFhdgQb5VejLZRvVLTAXGMyM4fpMhJk5 500 27.85751730
641 162644 162502 1637814849 MmhQFhdgQb5VejLZRvVLTAXGMyM4fpMhJk5 500 27.85751730
642 162661 162519 1637815272 MmeC1cvygxTnaYScQ4yx7HMxtu8p8cbtohG 501 27.91323234
643 162681 162537 1637815801 MmeC1cvygxTnaYScQ4yx7HMxtu8p8cbtohG 501 27.91323234
644 162723 162578 1637816937 MmZku2BAYP77uKj63Gms2qdEfeffx8TW5g4 500 27.85751730
645 162736 162591 1637817358 MmMsJM5F7AGoG8SM2aNTfJW2zQwE7AFgkbd 1500 83.57255192
646 162737 162592 1637817429 MmiFN1oH8urXTencsxWPLCLAAYHTndTczzg 9500 529.29282885
647 162761 162615 1637818091 MmYS3Mwa6bn7Y9E7gscYQX1JKfHMacNM3Dx 500 27.85751730
648 162840 162693 1637820580 MmXrVxonfgmkk3Pidt7GYmjDvv8K6Qq8zTG 2000 111.43006923
649 162842 162695 1637820740 MmaXQdHQSMYa1xCgYTvvsvpShbeRP52fz1p 26 1.44859090
650 162853 162706 1637821093 MmMYyFhPcUtLCTSG11ywRaGq7CXFHp6Y5RX 1500 83.57255192
651 162928 162780 1637822722 MmPfeotwhUgedX2vCRxYECWKwb7xJJ45AxA 6499 362.09200997
652 163248 163096 1637832333 MmS3d5HGNuYSJZ8qCixf8tKDGfJRvuw3hLe 501 27.91323234
653 163261 163108 1637832622 MmTA7j1Jvm9eKpLYXocwKvQsJ9BBp2X8a4j 700 39.00052423
654 163595 163436 1637842025 MmZN6y9XbwUY1iMcvYGnsbq9xLWTVy2USDY 500 27.85751730
655 163604 163445 1637842269 Mmc7HHwAkHbourD5PByDShNrnd2sT1CmDNz 500 27.85751730
656 163620 163461 1637842661 MmZN6y9XbwUY1iMcvYGnsbq9xLWTVy2USDY 500 27.85751730
657 163800 163639 1637848211 MmiAZpXeVFKjnYMd9EUoah5vbrrCgSF4WZ5 501 27.91323234
658 163916 163754 1637851595 MmQrd3iSHZKryrTnyGfiHQ6xtyjKWTtgpAR 20000 1114.30069232
659 163933 163771 1637851859 MmQrd3iSHZKryrTnyGfiHQ6xtyjKWTtgpAR 5000 278.57517308
660 164060 163897 1637855964 MmW1WzbLcFxB8kvTEZnBfBpNbeooWmvg2Lt 500 27.85751730
661 164176 164010 1637859352 MmVka7EtUVq8u8wNqmBor4nBui7SpAUk9Gt 1000 55.71503461
662 164186 164020 1637859514 MmdnaBSvJbfhcbmsh59d8udBwWr7h2XDT75 15 0.83572551
663 164997 164831 1637883920 MmazENqv1mU9sy3C3VgKNUiVKAi2ewyZWiE 500 27.85751730
664 165119 164952 1637887819 MmfQpEJb412i76PndWTfopU1s2QWhQq1Mic 1499 83.51683689
665 165174 165007 1637889275 MmRQhCtZEgr1dksnbzHrEP2GVHrqhyb92wG 200 11.14300692
666 165302 165135 1637893498 MmiAZpXeVFKjnYMd9EUoah5vbrrCgSF4WZ5 500 27.85751730
667 165324 165155 1637893965 MmiAZpXeVFKjnYMd9EUoah5vbrrCgSF4WZ5 500 27.85751730
668 165373 165204 1637895123 MmPaMTUje5tP6VW9HRuRZzL4216u9nsWqKU 1000 55.71503461
669 165669 165498 1637903926 MmXrVxonfgmkk3Pidt7GYmjDvv8K6Qq8zTG 500 27.85751730
670 165698 165526 1637905129 MmLJ3z2z5uMrvKejdtivNax3kdU81Go1DMP 1000 55.71503461
671 165700 165528 1637905279 MmWTpvy4CCGsJrqMx4jquAz4sTiyZ3deDiE 1500 83.57255192
672 165726 165552 1637905963 MmPwQTvvZd9PYVCowuCB13ZGCTFAKRdnKys 2001 111.48578426
673 165779 165604 1637907894 MmRE1R5jU7u6vFb8CwULBDVrZwM8Mrt3X8T 283 15.76735479
674 165897 165719 1637910686 MmY41GffRytxtGhtDibBAUd9qk9q9YPcFHg 1000 55.71503461
675 165949 165769 1637911861 MmLBXnZcU36WtiAAgRcwAYKv9Fr5gfmDqSb 500 27.85751730
676 165950 165770 1637911873 MmbNAUXfGdhQcXViNAGAtbgDqAQKUHm4FfJ 500 27.85751730
677 165982 165801 1637912836 MmLBXnZcU36WtiAAgRcwAYKv9Fr5gfmDqSb 1500 83.57255192
678 165988 165806 1637913010 MmaJqCCsh9V1Q5kzvooasnjQikD5WfFYLuY 500 27.85751730
679 166025 165843 1637913895 MmaHf7YgjMZD5f98iqPrtTQJaenAYU6hU5C 200 11.14300692
680 166432 166247 1637926641 MmY6e9yakafdsbtgVUdaZEFkzWrn8B3jpMX 5000 278.57517308
681 166487 166300 1637927688 MmUmmioxptBBkYgLhBKgPdKJN4ra58FZGQB 10 0.55715034
682 166507 166320 1637928234 MmcMivpY8AX5gqieDHchQTa5G1qMQr2ZDye 30 1.67145103
683 166541 166354 1637929123 MmWWaWGbqkF1jnachSEo73unff3qbJJc6oL 300 16.71451038
684 166600 166413 1637931460 MmcMivpY8AX5gqieDHchQTa5G1qMQr2ZDye 100 5.57150346
685 166723 166534 1637934899 MmcXsT3NSAyQmmacrBuYtUeMH3pqiYABCpC 16000 891.44055386
686 166947 166757 1637941722 MmRmiDvE9Rh7uRYjvZGVHaofpbynxDdLLR1 1001 55.77074965
687 167025 166834 1637943813 MmRmiDvE9Rh7uRYjvZGVHaofpbynxDdLLR1 501 27.91323234
688 167875 167683 1637969166 MmfSLNd9945yqkBLQVrhtUrdxe74am9tVe3 927.504 51.67591746
689 168015 167822 1637973858 MmVgphtxfoRUF8u5Nf67Hw7HRxMgCikGj4f 2000 111.43006923
690 168247 168054 1637980413 MmevNWjetemicBeniyS4gP8HCryPmVqDse1 99 5.51578842
691 168266 168072 1637981257 Mma84KVNJ1GH79uswDCyc5rUijzbrErD15q 3057 170.32086082
692 168503 168304 1637988395 MmVka7EtUVq8u8wNqmBor4nBui7SpAUk9Gt 500 27.85751730
693 168509 168310 1637988506 MmN3naE5eGGaveXQxvgWs3mnwDvSegyUeey 2000 111.43006923
694 168909 168701 1637999862 MmiFN1oH8urXTencsxWPLCLAAYHTndTczzg 3500 195.00262115
695 169409 169191 1638014348 MmWTpvy4CCGsJrqMx4jquAz4sTiyZ3deDiE 500 27.85751730
696 169611 169389 1638020395 Mmh3xZsFpXr2w5kuy6WQdEyUimQnhqDvHKs 500 27.85751730
697 170231 170004 1638039514 MmPBDu7xuKF5GMjw5dQ1vrtfFZKKSoHw6zQ 338 18.83168170
698 170782 170553 1638056238 MmaXQdHQSMYa1xCgYTvvsvpShbeRP52fz1p 154 8.58011533
699 170876 170645 1638058520 MmaXQdHQSMYa1xCgYTvvsvpShbeRP52fz1p 1 0.05571503
700 171090 170857 1638064836 Mme127pugaMw8dQv5e6EZpPdWiEHqcBfAVQ 162 9.02583560
701 171167 170933 1638066736 MmRVwekwMTwKRX8CJZted7Qy3t8MkGUs7NP 500 27.85751730
702 171183 170949 1638067145 MmRVwekwMTwKRX8CJZted7Qy3t8MkGUs7NP 500 27.85751730
703 171261 171026 1638069861 MmWgKrQS1gWPempAVfqBZpUwxCkPF4jsEps 100 5.57150346
704 171567 171327 1638079135 MmiFN1oH8urXTencsxWPLCLAAYHTndTczzg 1500 83.57255192
705 171750 171508 1638085105 MmcRuyxwEhepu1BxMqmXGtNwQynWjAfKXHY 100 5.57150346
706 172719 172454 1638113708 MmaJ2tfSchbPCks8sGZDnp2fsKhmfNEJQCm 12.972 0.72273542
707 173110 172842 1638125893 MmQmXr8ke7nHRrpXmeUsGpMHxoC6fmuz4Qz 21 1.17001572
708 174114 173838 1638155703 MmZmBgsAELGUC1F6wn5jDC6h9HghKCCFphJ 250 13.92875865
709 174368 174087 1638163202 MmTTG8NT2oL4k9Gq62qWqn2G7fTf1RfU1LC 199.999 11.14295120
710 174540 174251 1638167895 MmYidnSV5tdnZPQLy99SqTUUbJZePjjh4Xf 500 27.85751730
711 174762 174452 1638173947 MmRkXg5qgLu2CcjKVLSvEHWY29FmY3iAkAM 1000 55.71503461
712 174964 174651 1638179631 Mmf59mjLdrTwe4nAxtoyyKsyg8feQ54koys 1500 83.57255192
713 175230 174902 1638187512 MmhLSAhKQTAnmKUG6MrAEtn3MJS1JHCcww4 500 27.85751730
714 175395 175067 1638192116 MmfjeaNYhXw41HSCWM4MukFKhfYYhsUe86S 500.145 27.86559598
715 175396 175068 1638192129 Mmet4yK7mcjgxSauQN9cwvuYQJsVAJ2dkJb 500 27.85751730
716 175558 175228 1638196813 Mmi5a8ogNZX95X7sArxmPtL3nQHmE5q7vQR 5 0.27857517
717 176727 176384 1638232196 MmcMivpY8AX5gqieDHchQTa5G1qMQr2ZDye 21.62 1.20455904
718 176889 176542 1638236707 MmPasNFu2h1zKTs4oDLauPq1FKv9pkKDgdY 400 22.28601384
719 177219 176857 1638246358 Mmf6Ez1qWZtnfLjcDKFdom8URzcchgMBcnZ 280 15.60020969
720 177265 176899 1638247353 MmNSmWkZHzoXTnPgKFe5qvRZjuCS6aXkPaY 30 1.67145103
721 177273 176905 1638247475 MmRoZpTtobGMyGSYd6mckwrou4s9YLbCdDG 100 5.57150346
722 177719 177340 1638260718 MmXjyb94rT7uh5Yyh3snB9iTpx6UndmGPsc 45 2.50717655
723 178134 177708 1638270844 MmPnWZw83eqTZ3CHkSp2HpDkFC8eRkPVvbd 500 27.85751730
724 178143 177717 1638271102 MmcnmbvX441EdLhxD9SjMnXvhrfJJt1Bx4L 120 6.68580415
725 180235 179655 1638329821 MmdR4wFRXWCRbfAkTaNjk1vYSVLHwmSdhX5 6 0.33429020
726 180464 179861 1638336280 MmL5sQcDmhnPFEF2disKuEVLtcyM7M8goWb 1500 83.57255192
727 180545 179932 1638338395 MmfBgxzmosTSJekNYzQ9x85qed7FgT1AFYt 5 0.27857517
