Number, Order, Height, Timestamp, Address, Amount(Meer), TimeWeight, TotalLockAmount(Meer), profit(Meer)
1, 2624, 2620, 1632983758, MmKsJGj5vHSFLmmPeMatTiKXMSTagHx3cdE, 1, 5, 1.00000000, 0.16532181
2, 45920, 45907, 1634288799, Mmg746Tp5gyHZvpi4kdETv8A6Z7NtbEPn2z, 1, 5, 2.00000000, 0.16532181
3, 56653, 56640, 1634612935, Mmg746Tp5gyHZvpi4kdETv8A6Z7NtbEPn2z, 5, 5, 7.00000000, 0.82660908
4, 57207, 57194, 1634629349, MmfSJEAoDbjFzvSZoVVEuCtTCiuxm6QBCeR, 100, 5, 107.00000000, 16.53218178
5, 57227, 57214, 1634629988, MmfSJEAoDbjFzvSZoVVEuCtTCiuxm6QBCeR, 278, 5, 385.00000000, 45.95946536
6, 57397, 57384, 1634635595, MmZYrC2CKGNaUPFy82gueprG1N59WMprH5A, 10000, 5, 10385.00000000, 1653.21817857
7, 57610, 57597, 1634641346, MmXpj7YDWeDJMCc3dPNKA2mtyDbRNuTtxaq, 50, 5, 10435.00000000, 8.26609089
8, 57616, 57603, 1634641495, MmXpj7YDWeDJMCc3dPNKA2mtyDbRNuTtxaq, 50, 5, 10485.00000000, 8.26609089
9, 57695, 57682, 1634644320, MmLu9DUDSaLT34vA8GCBimPmFHiCn77Ti7k, 499, 5, 10984.00000000, 82.49558711
10, 57775, 57762, 1634646736, Mmbyn3QvdrQZChT2QNbaZQxNFccpToz2inE, 1000, 5, 11984.00000000, 165.32181785
11, 57813, 57800, 1634647658, MmTJYKQHZjKkiSCYQPVxMKB8dFzTLfivCxQ, 50, 5, 12034.00000000, 8.26609089
12, 57858, 57845, 1634648935, Mmb5rv26dnunUGMTQSMamnUmsyi38QsE8PS, 300, 5, 12334.00000000, 49.59654535
13, 57955, 57942, 1634651868, MmVuQDxT8jpqbLQfJR4fgqgDnfDpgoBMUMB, 999, 5, 13333.00000000, 165.15649603
14, 57986, 57973, 1634652998, MmVuQDxT8jpqbLQfJR4fgqgDnfDpgoBMUMB, 0.99971, 5, 13333.99971000, 0.16527387
15, 59586, 59573, 1634700915, MmNSmWkZHzoXTnPgKFe5qvRZjuCS6aXkPaY, 19, 5, 13352.99971000, 3.14111453
16, 59825, 59812, 1634708691, MmcXsT3NSAyQmmacrBuYtUeMH3pqiYABCpC, 200, 5, 13552.99971000, 33.06436357
17, 59843, 59830, 1634709300, MmYUU3KcFHXXe6Z415WLYH31rko6b1eh4wS, 8999, 5, 22551.99971000, 1487.73103890
18, 60329, 60316, 1634723449, MmTcWSYjy6UeZHjR5mvWSLHfoTPvKxDdcQ5, 500, 5, 23051.99971000, 82.66090892
19, 60344, 60331, 1634723943, MmTcWSYjy6UeZHjR5mvWSLHfoTPvKxDdcQ5, 10, 5, 23061.99971000, 1.65321817
20, 60668, 60655, 1634733897, Mme6P5vfTQ2KwuDEwhEHbuBmyCRtCJt9jFi, 1000, 5, 24061.99971000, 165.32181785
21, 60703, 60690, 1634735169, MmhRMTYt2jvwJW9qKSoTe97xcoFL8tAX8m5, 1999.99, 5, 26061.98971000, 330.64198249
22, 60774, 60761, 1634737354, MmMZ36vSLT3aRLMpMDdEYkMhaeoPwg6Famk, 100, 5, 26161.98971000, 16.53218178
23, 60796, 60783, 1634738076, MmMZ36vSLT3aRLMpMDdEYkMhaeoPwg6Famk, 200, 5, 26361.98971000, 33.06436357
24, 60827, 60814, 1634739051, MmdjjVhp5NNfoHmXc9muaywr5FiaswdGfMt, 3500, 5, 29861.98971000, 578.62636250
25, 61049, 61036, 1634744901, MmZYrC2CKGNaUPFy82gueprG1N59WMprH5A, 3000, 5, 32861.98971000, 495.96545357
26, 61224, 61211, 1634751297, MmZYrC2CKGNaUPFy82gueprG1N59WMprH5A, 500, 5, 33361.98971000, 82.66090892
27, 62486, 62473, 1634788494, Mma6CNrdzFkXbhxGhS1Drra4iee2Zvcb9HS, 900, 5, 34261.98971000, 148.78963607
28, 62713, 62700, 1634795958, MmTzk11ShsQi3kYGNbjN3mxkiixKX74MfnW, 499.99, 5, 34761.97971000, 82.65925571
29, 62737, 62724, 1634796509, MmNSmWkZHzoXTnPgKFe5qvRZjuCS6aXkPaY, 80, 5, 34841.97971000, 13.22574542
30, 62774, 62761, 1634798054, MmUesAcpTHzDwjkCsMtLRBrPMaEddC32u9o, 614, 5, 35455.97971000, 101.50759616
31, 62778, 62765, 1634798115, MmUuqa23qDSPPUunvd79ZGpGPXhnoLWxoca, 999, 5, 36454.97971000, 165.15649603
32, 62780, 62767, 1634798172, MmZPAQGodVvvnc6JqXduEoF7Cb9S98tQjgp, 614, 5, 37068.97971000, 101.50759616
33, 62872, 62859, 1634800461, MmaubsfZQ7LjSmbub116ULZMjZKfX6hP61F, 4000, 5, 41068.97971000, 661.28727143
34, 62875, 62862, 1634800531, MmR3yfPYwtaWHmAxjSRWP5ymxH4HFtws39K, 999, 5, 42067.97971000, 165.15649603
35, 63004, 62991, 1634804133, MmRovVyMfB5diuUNaLNVZYpH98jkpG574ye, 30, 5, 42097.97971000, 4.95965453
36, 63409, 63396, 1634816283, MmX34ruLpsfWU3nnEBGrE4RCj7yMrPZ2jMi, 999, 5, 43096.97971000, 165.15649603
37, 63429, 63416, 1634816913, MmTJYKQHZjKkiSCYQPVxMKB8dFzTLfivCxQ, 50, 5, 43146.97971000, 8.26609089
38, 63959, 63946, 1634832944, MmZYrC2CKGNaUPFy82gueprG1N59WMprH5A, 1000, 5, 44146.97971000, 165.32181785
39, 65019, 65006, 1634865613, MmVYoG5hQ5ANTvSb5y7LpzrXQf2d1e61qQr, 50, 5, 44196.97971000, 8.26609089
40, 65661, 65648, 1634884659, MmdjjVhp5NNfoHmXc9muaywr5FiaswdGfMt, 400, 5, 44596.97971000, 66.12872714
41, 65859, 65846, 1634890147, Mmg746Tp5gyHZvpi4kdETv8A6Z7NtbEPn2z, 1, 5, 44597.97971000, 0.16532181
42, 65919, 65906, 1634891863, MmgQBFaZbmUxP5KjFYewb6NdWhgdj3nbtn2, 1100, 5, 45697.97971000, 181.85399964
43, 66144, 66131, 1634899529, MmNSmWkZHzoXTnPgKFe5qvRZjuCS6aXkPaY, 1, 5, 45698.97971000, 0.16532181
44, 66307, 66294, 1634904345, MmTJYKQHZjKkiSCYQPVxMKB8dFzTLfivCxQ, 50, 5, 45748.97971000, 8.26609089
45, 66364, 66351, 1634905546, MmSeQzm7byCBQUGPHRfQXwk89B5gq7URoLT, 1000, 5, 46748.97971000, 165.32181785
46, 66376, 66363, 1634905808, MmUesAcpTHzDwjkCsMtLRBrPMaEddC32u9o, 386, 5, 47134.97971000, 63.81422169
47, 68269, 68256, 1634962932, MmT1X5ekNjv683YckV8eLwTohr2KmoFHnw9, 79.8, 5, 47214.77971000, 13.19268106
48, 68306, 68293, 1634964094, MmcXsT3NSAyQmmacrBuYtUeMH3pqiYABCpC, 500, 5, 47714.77971000, 82.66090892
49, 71618, 71605, 1635063687, MmheZL6SN8RhzTtLdN4bhK7GXCZCbNmvVyY, 40, 5, 47754.77971000, 6.61287271
50, 72389, 72376, 1635086323, MmSVtzp25G3PRsc2VYvJ1baogPHV2aKSG72, 100, 5, 47854.77971000, 16.53218178
51, 72402, 72389, 1635086754, MmQeu2Qij8j37gu3qN21hxgG1k1p4XNFBEe, 300, 5, 48154.77971000, 49.59654535
52, 72778, 72765, 1635098676, MmZYrC2CKGNaUPFy82gueprG1N59WMprH5A, 2000, 5, 50154.77971000, 330.64363571
53, 74695, 74682, 1635155850, MmaSnnD6Gqtfk6Y1Wphz5UCm9sZMv2JA3tw, 997.9, 5, 51152.67971000, 164.97464204
54, 74705, 74692, 1635156024, MmiiH3JnJNmCF4BrazeQdFoR17c9EwodBQY, 349, 5, 51501.67971000, 57.69731443
55, 74838, 74825, 1635160534, MmbScLjRvv2sxsj8YNkHHRkQfZ6kofKt5Xx, 215, 5, 51716.67971000, 35.54419083
56, 75190, 75177, 1635171338, MmaJ2tfSchbPCks8sGZDnp2fsKhmfNEJQCm, 5.6, 5, 51722.27971000, 0.92580218
57, 76190, 76177, 1635201927, MmSeQzm7byCBQUGPHRfQXwk89B5gq7URoLT, 1000, 5, 52722.27971000, 165.32181785
58, 76807, 76794, 1635219999, MmTJYKQHZjKkiSCYQPVxMKB8dFzTLfivCxQ, 50, 5, 52772.27971000, 8.26609089
59, 76888, 76875, 1635222654, Mmg746Tp5gyHZvpi4kdETv8A6Z7NtbEPn2z, 100, 5, 52872.27971000, 16.53218178
60, 76918, 76905, 1635223497, MmRovVyMfB5diuUNaLNVZYpH98jkpG574ye, 30, 5, 52902.27971000, 4.95965453
61, 76929, 76916, 1635223711, MmPSfMfM497JC2h5Gyf63d4dfdnC4x5LkAw, 50, 5, 52952.27971000, 8.26609089
62, 76951, 76938, 1635224500, MmSXTLNDuyNULDhhzb3JoxgJMjDtGSfGjER, 990, 5, 53942.27971000, 163.66859967
63, 76955, 76942, 1635224588, Mmhjd2RwQzbmXzKjvDXNU6Hs4GWWCGhKBYD, 500, 5, 54442.27971000, 82.66090892
64, 77035, 77022, 1635226345, MmSVtzp25G3PRsc2VYvJ1baogPHV2aKSG72, 100, 5, 54542.27971000, 16.53218178
65, 77258, 77245, 1635233170, MmbJFjKtJWEL4MiGs5qAokSuvqbzt3LxbZF, 1000, 5, 55542.27971000, 165.32181785
66, 77700, 77687, 1635246813, MmdiMnhsqFrzTCHz5gBtW1a31HcH5pmjKrm, 2000, 5, 57542.27971000, 330.64363571
67, 79112, 79099, 1635289129, MmdUYVcpbZviqhfmpECjibiahC7D9bhEMpg, 53, 5, 57595.27971000, 8.76205634
68, 79545, 79532, 1635301989, MmT9wChLYSjadTkGpXpqVCXrdUk5bdh3MEm, 100, 5, 57695.27971000, 16.53218178
69, 80177, 80164, 1635320446, MmTRRA5a137nWC2khc7sxhiVtct5CkFNw3C, 998, 5, 58693.27971000, 164.99117422
70, 80184, 80171, 1635320750, MmhBhtMpDLTGGtHVUrbLSTF8Mb5eJSeW43K, 3999, 5, 62692.27971000, 661.12194961
71, 80190, 80177, 1635321145, MmT1X5ekNjv683YckV8eLwTohr2KmoFHnw9, 600, 5, 63292.27971000, 99.19309071
72, 80483, 80470, 1635330222, MmSaC2ZDSmiyCgtwZz7SMWbeVDHAwoTcBuU, 1000, 5, 64292.27971000, 165.32181785
73, 80686, 80673, 1635336425, MmSaC2ZDSmiyCgtwZz7SMWbeVDHAwoTcBuU, 1000, 5, 65292.27971000, 165.32181785
74, 80991, 80978, 1635345551, MmheZL6SN8RhzTtLdN4bhK7GXCZCbNmvVyY, 10, 5, 65302.27971000, 1.65321817
75, 82384, 82371, 1635387833, MmUuqa23qDSPPUunvd79ZGpGPXhnoLWxoca, 1000, 5, 66302.27971000, 165.32181785
76, 82576, 82563, 1635393791, MmNdAwL39BsnL1HJHGoNYHGWFQAgVNVwJNU, 9987, 5, 76289.27971000, 1651.06899494
77, 82593, 82580, 1635394208, MmNviYQthctB9tmME78AW2nprJCCpqTptw7, 652.2, 5, 76941.47971000, 107.82288960
78, 82695, 82682, 1635397273, MmbEd9eFQjwRrKprKadaUnMMkg3SYA3eAmV, 20, 5, 76961.47971000, 3.30643635
79, 83739, 83726, 1635428475, Mma84KVNJ1GH79uswDCyc5rUijzbrErD15q, 2500, 5, 79461.47971000, 413.30454464
80, 83774, 83761, 1635429679, MmTJYKQHZjKkiSCYQPVxMKB8dFzTLfivCxQ, 25, 5, 79486.47971000, 4.13304544
81, 83776, 83763, 1635429753, MmRovVyMfB5diuUNaLNVZYpH98jkpG574ye, 20, 5, 79506.47971000, 3.30643635
82, 84069, 84056, 1635437957, MmSv1BDDfPsixGCntDqKPcMBYZ3qdCoTQzy, 999.99, 5, 80506.46971000, 165.32016463
83, 84080, 84067, 1635438423, MmQqwwALVWhzUf8cE1jo82Uhc314Kw3Pdvv, 999.99, 5, 81506.45971000, 165.32016463
84, 85048, 85035, 1635467960, MmLXRs8JydQ839KGsJrQuBQCa9eqKVxKbbW, 500.0002425, 5, 82006.45995250, 82.66094901
85, 85543, 85530, 1635483362, Mmf6sxKjvFZnwmjvEFw8D5T1Je1PD5L781y, 495, 5, 82501.45995250, 81.83429983
86, 85698, 85685, 1635487299, MmiLiuSNEfU1zZjhc3Xnhp9uZwdEMXg5KQK, 499, 5, 83000.45995250, 82.49558711
87, 85792, 85779, 1635490726, MmTJYKQHZjKkiSCYQPVxMKB8dFzTLfivCxQ, 40, 5, 83040.45995250, 6.61287271
88, 85885, 85872, 1635493315, MmRovVyMfB5diuUNaLNVZYpH98jkpG574ye, 7, 5, 83047.45995250, 1.15725272
89, 85918, 85905, 1635494452, MmenZK4YVvXK1qaTZ7JQY7WgQ8CnWLWYSQs, 1000, 5, 84047.45995250, 165.32181785
90, 85944, 85931, 1635495443, MmT9wChLYSjadTkGpXpqVCXrdUk5bdh3MEm, 400, 5, 84447.45995250, 66.12872714
91, 86133, 86120, 1635500577, Mmbyn3QvdrQZChT2QNbaZQxNFccpToz2inE, 1000, 5, 85447.45995250, 165.32181785
92, 86273, 86260, 1635504810, MmPR1ctxF2sVNKQwEcg4xv1A221WN8c8q18, 300, 5, 85747.45995250, 49.59654535
93, 86338, 86325, 1635506966, MmMP7qSXAUak3SyzEtALtd7HH9FZzNxi6qZ, 2000, 5, 87747.45995250, 330.64363571
94, 86497, 86484, 1635511668, MmgGhzPY9zrdt1DNsf1dEWFyv6veSrVK5D7, 943.235, 5, 88690.69495250, 155.93732486
95, 86497, 86484, 1635511748, MmiiH3JnJNmCF4BrazeQdFoR17c9EwodBQY, 1000, 5, 89690.69495250, 165.32181785
96, 86513, 86500, 1635512161, MmeFSkDfiY76fqEKmdMjNumPCmxU7q7xQRX, 500, 5, 90190.69495250, 82.66090892
97, 86564, 86551, 1635513830, MmfjeaNYhXw41HSCWM4MukFKhfYYhsUe86S, 800, 5, 90990.69495250, 132.25745428
98, 87888, 87875, 1635557280, MmdUYVcpbZviqhfmpECjibiahC7D9bhEMpg, 500, 5, 91490.69495250, 82.66090892
99, 87926, 87913, 1635560652, MmenZK4YVvXK1qaTZ7JQY7WgQ8CnWLWYSQs, 999, 5, 92489.69495250, 165.15649603
100, 87961, 87948, 1635562453, MmYZmCD5WojVusAfFsnBs4SLVQjuJKikoNW, 309, 5, 92798.69495250, 51.08444171
101, 88232, 88219, 1635568645, MmVHRG61sCUVbrwXCiTDLP7Npp3LSvBBPjU, 299, 5, 93097.69495250, 49.43122353
102, 88330, 88317, 1635571117, MmMP7qSXAUak3SyzEtALtd7HH9FZzNxi6qZ, 500, 5, 93597.69495250, 82.66090892
103, 88349, 88336, 1635571805, MmZK62ew7q6LXs8bdrtspTd9z2Dw4mhTs81, 123, 5, 93720.69495250, 20.33458359
104, 88355, 88342, 1635572103, MmaXQdHQSMYa1xCgYTvvsvpShbeRP52fz1p, 50, 5, 93770.69495250, 8.26609089
105, 88635, 88622, 1635580838, MmefBoxbSgopsKZgzCfPp7JdbfNki3Kx9Q3, 300, 5, 94070.69495250, 49.59654535
106, 88993, 88980, 1635591271, MmTA7j1Jvm9eKpLYXocwKvQsJ9BBp2X8a4j, 2000, 5, 96070.69495250, 330.64363571
107, 89165, 89152, 1635593412, MmQKu9HbTos6gD4wR2deErWTXdjR55vM3Sp, 200, 5, 96270.69495250, 33.06436357
108, 89166, 89153, 1635593440, MmXhimpYtVC62sPEHGEipmRct4WUPJab4rK, 200, 5, 96470.69495250, 33.06436357
109, 89367, 89354, 1635600653, MmYZ2kMr3teFLN8JKFrsSPuZN8yyB7brwSB, 1000, 5, 97470.69495250, 165.32181785
110, 89634, 89621, 1635608619, MmchK5bsiUcKMjkuiS48fNjEMSFuu4qYhk8, 1000, 5, 98470.69495250, 165.32181785
111, 90482, 90469, 1635633859, MmbEd9eFQjwRrKprKadaUnMMkg3SYA3eAmV, 40, 5, 98510.69495250, 6.61287271
112, 90727, 90714, 1635641791, Mmef8RgJvePP9JxGcfjfTQJNwXnfDabkgkF, 200, 5, 98710.69495250, 33.06436357
113, 90785, 90772, 1635643728, Mmg72YV8bZZDTSs34rC6MCmfarqXTKLkJXx, 2, 5, 98712.69495250, 0.33064363
114, 90983, 90970, 1635653393, MmaXQdHQSMYa1xCgYTvvsvpShbeRP52fz1p, 5, 5, 98717.69495250, 0.82660908
115, 90992, 90979, 1635653694, MmVYoG5hQ5ANTvSb5y7LpzrXQf2d1e61qQr, 500, 5, 99217.69495250, 82.66090892
116, 91148, 91135, 1635657213, MmRoZpTtobGMyGSYd6mckwrou4s9YLbCdDG, 51.99, 5, 99269.68495250, 8.59508131
117, 91545, 91532, 1635668896, MmRovVyMfB5diuUNaLNVZYpH98jkpG574ye, 30, 5, 99299.68495250, 4.95965453
118, 91628, 91615, 1635671050, MmRQhCtZEgr1dksnbzHrEP2GVHrqhyb92wG, 68, 5, 99367.68495250, 11.24188361
119, 91654, 91641, 1635671961, MmTJYKQHZjKkiSCYQPVxMKB8dFzTLfivCxQ, 25, 5, 99392.68495250, 4.13304544
120, 92035, 92022, 1635683212, MmZRuWLvoQE8vm9RzEL7UaMKzjeMw3SmWtN, 100, 5, 99492.68495250, 16.53218178
121, 92486, 92473, 1635701203, MmdR4wFRXWCRbfAkTaNjk1vYSVLHwmSdhX5, 5.99, 5, 99498.67495250, 0.99027768
122, 93385, 93372, 1635726218, MmNCfHzG31GbZDS7abUEkbSt137ofFiVJqm, 24, 5, 99522.67495250, 3.96772362
123, 93444, 93431, 1635728039, MmQKu9HbTos6gD4wR2deErWTXdjR55vM3Sp, 150, 5, 99672.67495250, 24.79827267
124, 93721, 93708, 1635736532, MmaXQdHQSMYa1xCgYTvvsvpShbeRP52fz1p, 100, 5, 99772.67495250, 16.53218178
125, 93749, 93736, 1635737452, MmheZL6SN8RhzTtLdN4bhK7GXCZCbNmvVyY, 10, 5, 99782.67495250, 1.65321817
126, 93822, 93809, 1635739848, Mmf6Ez1qWZtnfLjcDKFdom8URzcchgMBcnZ, 300, 5, 100082.67495250, 49.59654535
127, 93921, 93908, 1635741995, MmYYBxhPnd6UNrKy7hjHVHjFMLxMPhofKad, 1001, 5, 101083.67495250, 165.48713967
128, 93996, 93983, 1635744065, MmXmN6nX5o1FTZ4XXasJ82muY6mipjFrS8c, 110, 5, 101193.67495250, 18.18539996
129, 94043, 94030, 1635745715, MmNCXReEaFeMsFdBtrEqKqB1ryk5QLG7kMv, 4000, 5, 105193.67495250, 661.28727143
130, 94247, 94234, 1635751758, MmaJ2tfSchbPCks8sGZDnp2fsKhmfNEJQCm, 142, 5, 105335.67495250, 23.47569813
131, 94311, 94298, 1635753743, MmZYrC2CKGNaUPFy82gueprG1N59WMprH5A, 3000, 5, 108335.67495250, 495.96545357
132, 94311, 94298, 1635753744, MmUkWYis5XQhkKWhZ4uQPF9B8z5aY3vEAyw, 500, 5, 108835.67495250, 82.66090892
133, 94597, 94584, 1635761928, MmTcWSYjy6UeZHjR5mvWSLHfoTPvKxDdcQ5, 250, 5, 109085.67495250, 41.33045446
134, 94694, 94681, 1635764799, MmRkXg5qgLu2CcjKVLSvEHWY29FmY3iAkAM, 199.9, 5, 109285.57495250, 33.04783138
135, 94734, 94721, 1635766068, MmLiUeVuXFi8QB42W5ivcWmGDvEBKtCzikM, 64, 5, 109349.57495250, 10.58059634
136, 94982, 94969, 1635773282, MmgQWnwy8GoyCPeAXCKxf85kqa6Ma4fEvEr, 1000, 5, 110349.57495250, 165.32181785
137, 95010, 94997, 1635774132, MmQ3RFahCMqY56WuUWRcMtePj9tE4VAPnGC, 1000, 5, 111349.57495250, 165.32181785
138, 95013, 95000, 1635774209, MmQKGoz3GPgCEjVJaAiTMa5HEBoRtqEo2Yz, 1000, 5, 112349.57495250, 165.32181785
139, 95078, 95065, 1635775980, MmRovVyMfB5diuUNaLNVZYpH98jkpG574ye, 30, 5, 112379.57495250, 4.95965453
140, 95084, 95071, 1635776106, MmRovVyMfB5diuUNaLNVZYpH98jkpG574ye, 30, 5, 112409.57495250, 4.95965453
141, 95201, 95188, 1635780128, MmLUPq8HMfz8dk9P28dG86SoVXYjLJ8weGu, 100, 5, 112509.57495250, 16.53218178
142, 96650, 96637, 1635823715, Mmh5rrz6yT73tggL2oZnNusWwvLhDowg5XL, 100, 5, 112609.57495250, 16.53218178
143, 96903, 96890, 1635830414, MmiLiuSNEfU1zZjhc3Xnhp9uZwdEMXg5KQK, 251, 5, 112860.57495250, 41.49577628
144, 96916, 96903, 1635830760, MmNSmWkZHzoXTnPgKFe5qvRZjuCS6aXkPaY, 100, 5, 112960.57495250, 16.53218178
145, 96925, 96912, 1635831130, MmRovVyMfB5diuUNaLNVZYpH98jkpG574ye, 30, 5, 112990.57495250, 4.95965453
146, 96983, 96970, 1635833705, MmazENqv1mU9sy3C3VgKNUiVKAi2ewyZWiE, 499.99, 5, 113490.56495250, 82.65925571
147, 97968, 97955, 1635862222, MmchK5bsiUcKMjkuiS48fNjEMSFuu4qYhk8, 2000, 5, 115490.56495250, 330.64363571
148, 98006, 97993, 1635863456, Mmdhq6FjRPwqhCs9kmaUqZMmWpHc4Ue9szz, 300, 5, 115790.56495250, 49.59654535
149, 98446, 98433, 1635876594, MmKyXQezZsz2MfHfojkJeuxhPKd2Cyy96L6, 500, 5, 116290.56495250, 82.66090892
150, 99441, 99428, 1635906703, MmYvVNquDGNv3fiUa6edJda3oFib6TQwWty, 485, 5, 116775.56495250, 80.18108166
151, 99515, 99502, 1635908897, MmNFV8WgmxHNCTApT2rWYB5bf9YFMPsgQTr, 133, 5, 116908.56495250, 21.98780177
152, 99605, 99592, 1635911938, MmVsfChfXVWULSrZUpH5BrZ76uDuQa9Wn5T, 40, 5, 116948.56495250, 6.61287271
153, 99963, 99950, 1635922213, MmXmN6nX5o1FTZ4XXasJ82muY6mipjFrS8c, 7, 5, 116955.56495250, 1.15725272
154, 100005, 99992, 1635923639, MmRE1R5jU7u6vFb8CwULBDVrZwM8Mrt3X8T, 14, 5, 116969.56495250, 2.31450545
155, 100202, 100189, 1635929579, MmRxoD9f57jDexnzoYXB8wQDZ5BiB2Y5J4e, 200, 5, 117169.56495250, 33.06436357
156, 100430, 100417, 1635936408, MmT9wChLYSjadTkGpXpqVCXrdUk5bdh3MEm, 56, 5, 117225.56495250, 9.25802180
157, 100723, 100710, 1635945203, MmRovVyMfB5diuUNaLNVZYpH98jkpG574ye, 30, 5, 117255.56495250, 4.95965453
158, 101070, 101057, 1635955847, MmcMivpY8AX5gqieDHchQTa5G1qMQr2ZDye, 355, 5, 117610.56495250, 58.68924533
159, 102382, 102369, 1636001255, MmiLiuSNEfU1zZjhc3Xnhp9uZwdEMXg5KQK, 450, 5, 118060.56495250, 74.39481803
160, 102678, 102665, 1636010714, MmZYrC2CKGNaUPFy82gueprG1N59WMprH5A, 3000, 5, 121060.56495250, 495.96545357
161, 102683, 102670, 1636010925, MmRADFuFtL9oGty49b4GopUqri18az7KJ1k, 3000, 5, 124060.56495250, 495.96545357
162, 102910, 102897, 1636017629, MmcRuyxwEhepu1BxMqmXGtNwQynWjAfKXHY, 400, 5, 124460.56495250, 66.12872714
163, 102989, 102976, 1636020393, MmRkXg5qgLu2CcjKVLSvEHWY29FmY3iAkAM, 805, 5, 125265.56495250, 133.08406337
164, 103013, 103000, 1636021132, MmheZL6SN8RhzTtLdN4bhK7GXCZCbNmvVyY, 205, 5, 125470.56495250, 33.89097266
165, 103148, 103135, 1636024628, Mmef8RgJvePP9JxGcfjfTQJNwXnfDabkgkF, 100, 5, 125570.56495250, 16.53218178
166, 103435, 103422, 1636034147, MmT1X5ekNjv683YckV8eLwTohr2KmoFHnw9, 51, 5, 125621.56495250, 8.43141271
167, 103554, 103541, 1636036691, MmPfeotwhUgedX2vCRxYECWKwb7xJJ45AxA, 10000, 5, 135621.56495250, 1653.21817857
168, 103557, 103544, 1636036767, MmRovVyMfB5diuUNaLNVZYpH98jkpG574ye, 30, 5, 135651.56495250, 4.95965453
169, 103565, 103552, 1636037086, MmTJYKQHZjKkiSCYQPVxMKB8dFzTLfivCxQ, 100, 5, 135751.56495250, 16.53218178
170, 103598, 103585, 1636038194, MmdjjVhp5NNfoHmXc9muaywr5FiaswdGfMt, 99, 5, 135850.56495250, 16.36685996
171, 104837, 104824, 1636075637, MmYZ2kMr3teFLN8JKFrsSPuZN8yyB7brwSB, 800, 5, 136650.56495250, 132.25745428
172, 104856, 104843, 1636076236, MmaHf7YgjMZD5f98iqPrtTQJaenAYU6hU5C, 450, 5, 137100.56495250, 74.39481803
173, 105178, 105165, 1636085999, MmSZ8gNwhGK9aBdQf63ByekBeQvtJFBaNZf, 99, 5, 137199.56495250, 16.36685996
174, 105278, 105265, 1636088914, MmUFckCtS2zjANB3aA1sEJkzjqvyBrxdSjm, 3999, 5, 141198.56495250, 661.12194961
175, 105289, 105276, 1636089120, MmSXTLNDuyNULDhhzb3JoxgJMjDtGSfGjER, 1760, 5, 142958.56495250, 290.96639942
176, 105958, 105945, 1636109211, MmgQBFaZbmUxP5KjFYewb6NdWhgdj3nbtn2, 2600, 5, 145558.56495250, 429.83672643
177, 105969, 105956, 1636109526, MmgwnFVpwJrf86eQpWB6L3xrVfWfuLREffM, 208, 5, 145766.56495250, 34.38693811
178, 106002, 105989, 1636110703, MmYZ2kMr3teFLN8JKFrsSPuZN8yyB7brwSB, 200, 5, 145966.56495250, 33.06436357
179, 106081, 106068, 1636113220, MmaQLR8hdA2t4Qi61pKjyg3qfkFdZGKxwbF, 1000, 5, 146966.56495250, 165.32181785
180, 106141, 106128, 1636115188, MmaXQdHQSMYa1xCgYTvvsvpShbeRP52fz1p, 50, 5, 147016.56495250, 8.26609089
181, 106219, 106206, 1636117719, MmaJ2tfSchbPCks8sGZDnp2fsKhmfNEJQCm, 51.816, 5, 147068.38095250, 8.56631531
182, 106400, 106387, 1636122694, MmaJ2tfSchbPCks8sGZDnp2fsKhmfNEJQCm, 45.451, 5, 147113.83195250, 7.51404194
183, 106781, 106768, 1636134439, MmgQBFaZbmUxP5KjFYewb6NdWhgdj3nbtn2, 4600, 5, 151713.83195250, 760.48036214
184, 107526, 107513, 1636156860, MmgQWnwy8GoyCPeAXCKxf85kqa6Ma4fEvEr, 500, 5, 152213.83195250, 82.66090892
185, 107529, 107516, 1636156981, MmaHf7YgjMZD5f98iqPrtTQJaenAYU6hU5C, 200, 5, 152413.83195250, 33.06436357
186, 108267, 108254, 1636178445, MmRovVyMfB5diuUNaLNVZYpH98jkpG574ye, 40, 4, 152453.83195250, 5.29029817
187, 108348, 108335, 1636181548, MmcsGFC6KgG3JYq41jVQnumtnxy4Ygp2bkk, 500, 4, 152953.83195250, 66.12872714
188, 108412, 108399, 1636183723, MmcsGFC6KgG3JYq41jVQnumtnxy4Ygp2bkk, 1200, 4, 154153.83195250, 158.70894514
189, 108519, 108506, 1636186195, MmRoZpTtobGMyGSYd6mckwrou4s9YLbCdDG, 150, 4, 154303.83195250, 19.83861814
190, 108988, 108975, 1636200997, MmS7bQcM6yDKc5UrynFZcN9RxSPiCZLBiFy, 3000, 4, 157303.83195250, 396.77236285
191, 108991, 108978, 1636201192, MmTJYKQHZjKkiSCYQPVxMKB8dFzTLfivCxQ, 100, 4, 157403.83195250, 13.22574542
192, 109202, 109189, 1636207411, MmNkqvsAXgRhqZat549yoDzFxeFjYc1AEhE, 149, 4, 157552.83195250, 19.70636068
193, 110439, 110426, 1636246761, MmRovVyMfB5diuUNaLNVZYpH98jkpG574ye, 50, 4, 157602.83195250, 6.61287271
194, 110620, 110607, 1636255701, MmRrs85KK9bUXHJuc31MgWpVDLiQuYgYvgt, 395, 4, 157997.83195250, 52.24169444
195, 110815, 110802, 1636260557, Mmbyn3QvdrQZChT2QNbaZQxNFccpToz2inE, 10000, 4, 167997.83195250, 1322.57454286
196, 111037, 111024, 1636267830, Mmah1RLFDExUR6WpSynQZ3VXRJCDtxMUjb4, 99, 4, 168096.83195250, 13.09348797
197, 111062, 111049, 1636268348, MmRovVyMfB5diuUNaLNVZYpH98jkpG574ye, 50, 4, 168146.83195250, 6.61287271
198, 111099, 111086, 1636269483, MmRrs85KK9bUXHJuc31MgWpVDLiQuYgYvgt, 105, 4, 168251.83195250, 13.88703270
199, 111605, 111592, 1636283940, MmTJYKQHZjKkiSCYQPVxMKB8dFzTLfivCxQ, 50, 4, 168301.83195250, 6.61287271
200, 113402, 113389, 1636336566, Mmhjd2RwQzbmXzKjvDXNU6Hs4GWWCGhKBYD, 150, 4, 168451.83195250, 19.83861814
201, 113409, 113396, 1636336972, Mmb9G5Psxcs587Hq4BgZT3P4ZbTmXQdyQi3, 499, 4, 168950.83195250, 65.99646968
202, 113836, 113823, 1636349919, MmY581YdQ5vF9L2gSnLFY5r9gDuv3f1YWrN, 6500, 4, 175450.83195250, 859.67345286
203, 114059, 114046, 1636356374, MmTWYAQ71RjaVPJKHXdPb6rgch8vf6RQZir, 1000, 4, 176450.83195250, 132.25745428
204, 114358, 114345, 1636364907, Mmbyn3QvdrQZChT2QNbaZQxNFccpToz2inE, 10000, 4, 186450.83195250, 1322.57454286
205, 114358, 114345, 1636365065, MmQGopbFdPzpT77efoRCYqPjQbmjnYwnWQc, 8501, 4, 194951.83195250, 1124.32061888
206, 114509, 114496, 1636369597, MmffLLdETmskgEqGnMoLT9vSkLXXUiKNsNC, 1000, 4, 195951.83195250, 132.25745428
207, 114799, 114786, 1636377511, Mmbyn3QvdrQZChT2QNbaZQxNFccpToz2inE, 2000, 4, 197951.83195250, 264.51490857
208, 114814, 114801, 1636377965, MmfvxtLu4JxDSt73L2taDqcPgGTiErCtQcS, 1000, 4, 198951.83195250, 132.25745428
209, 115045, 115032, 1636385991, MmUpHHReBVDAhge65JpZ3UiEUGqK7NbHpPW, 500, 4, 199451.83195250, 66.12872714
210, 115063, 115050, 1636386491, MmUpHHReBVDAhge65JpZ3UiEUGqK7NbHpPW, 500, 4, 199951.83195250, 66.12872714
211, 116285, 116272, 1636423251, MmbWS3CimuWwveKfhToxEMyUdHHjbXgSFvb, 500, 4, 200451.83195250, 66.12872714
212, 116322, 116309, 1636424496, MmSwyzLVivsWeirLHaENUaGRsBknmQdBwNT, 1500, 4, 201951.83195250, 198.38618142
213, 116343, 116330, 1636425260, MmZZmajEYsm4YxPoHzy5psw1T4o3esy66ok, 5000, 4, 206951.83195250, 661.28727143
214, 116548, 116535, 1636431035, MmMsJM5F7AGoG8SM2aNTfJW2zQwE7AFgkbd, 999.99, 4, 207951.82195250, 132.25613171
215, 116599, 116586, 1636432553, MmKxvwKiG86cCxZ145TEGQkbnfeXi1G7LPY, 999.99, 4, 208951.81195250, 132.25613171
216, 117244, 117231, 1636452221, MmfPRsX5kz6n1dsn7UG18Qjz5sT6JVM4Bzs, 3000, 4, 211951.81195250, 396.77236285
217, 117280, 117267, 1636452976, MmdeKjB16Y6Z3A5JyD4CFU3ciVDMk4CXt1J, 999.99, 4, 212951.80195250, 132.25613171
218, 117391, 117378, 1636456174, MmT9wChLYSjadTkGpXpqVCXrdUk5bdh3MEm, 190, 4, 213141.80195250, 25.12891631
219, 117976, 117963, 1636473999, MmV36o4n3fBSpsAdqL9tZ3i2ZPn3RfJTbhM, 5000, 4, 218141.80195250, 661.28727143
220, 119230, 119217, 1636511397, MmUkt5SCLeDKQFYsmD2DHfxed17AYxfMsmw, 215.5, 4, 218357.30195250, 28.50148139
221, 119308, 119295, 1636513464, MmLu9DUDSaLT34vA8GCBimPmFHiCn77Ti7k, 500, 4, 218857.30195250, 66.12872714
222, 119435, 119422, 1636517900, MmL5sQcDmhnPFEF2disKuEVLtcyM7M8goWb, 1000, 4, 219857.30195250, 132.25745428
223, 119468, 119455, 1636518644, MmXRm8PVMyY3hucgaojMp1jjxsGcpBgxj3G, 500, 4, 220357.30195250, 66.12872714
224, 119668, 119655, 1636524303, MmN38WFgtWdu57Fq2rEzRkFyiNK6Vebh6kV, 500, 4, 220857.30195250, 66.12872714
225, 119714, 119701, 1636525836, MmUPsjLfKK67CNr9BLhczAeF2mY3k8UW5bb, 999.999, 4, 221857.30095250, 132.25732202
226, 119757, 119744, 1636527313, MmMKfVnyXoEPoDVhHEHZBf9z5CuXJv4DXAi, 2195.62, 4, 224052.92095250, 290.38711177
227, 119769, 119756, 1636527757, MmQbg7r7whS9LqEDWHRrdS4A7irhe5ZqBxj, 500, 4, 224552.92095250, 66.12872714
228, 119921, 119908, 1636531952, MmawihkN6wQfWD86sFx9YxG9XUVXS1QBZiP, 1500, 4, 226052.92095250, 198.38618142
229, 119931, 119918, 1636532389, MmbQssY1M8xcgJRdXM5pB8CJXJhGLCJh7fk, 538, 4, 226590.92095250, 71.15451040
230, 119947, 119934, 1636533118, MmhWjdm7RkUGtUXk8CEkH3KxaDwJs9WWpv8, 522.263, 4, 227113.18395250, 69.07317484
231, 119971, 119958, 1636533961, MmcHvz2XcHVDA3x7J8sMQAYUAZ15HgwG9CB, 6.7, 4, 227119.88395250, 0.88612494
232, 119996, 119983, 1636534655, MmXrVxonfgmkk3Pidt7GYmjDvv8K6Qq8zTG, 1000, 4, 228119.88395250, 132.25745428
233, 120009, 119996, 1636535050, MmQbg7r7whS9LqEDWHRrdS4A7irhe5ZqBxj, 300, 4, 228419.88395250, 39.67723628
234, 120076, 120063, 1636537409, MmXydJxND8ZKoJpKpqPSWvh9haiSFxDYq7Y, 509, 4, 228928.88395250, 67.31904423
235, 120411, 120398, 1636546217, MmPnWZw83eqTZ3CHkSp2HpDkFC8eRkPVvbd, 299.9997, 4, 229228.88365250, 39.67719660
236, 120456, 120443, 1636547724, MmcX8tBV1eGTd1f65NBQtyVD64iycaxaxZX, 999, 4, 230227.88365250, 132.12519683
237, 120597, 120584, 1636553094, MmcUdesesq8M5KMNzLdr2h9zFSdbCdC6ruu, 500, 4, 230727.88365250, 66.12872714
238, 120611, 120598, 1636553605, MmQ32goTbGZ2rcsDLedu14uuHEt2jiZGPam, 500, 4, 231227.88365250, 66.12872714
239, 120630, 120617, 1636554238, MmfD3tKoLSp8jcZuBvhBpv8vxfNEdMbR9Ar, 2510, 4, 233737.88365250, 331.96621025
240, 120692, 120679, 1636555989, MmheZL6SN8RhzTtLdN4bhK7GXCZCbNmvVyY, 20, 4, 233757.88365250, 2.64514908
241, 120858, 120845, 1636560633, Mma3NmATUbQPPaHedx2bapF7DCTe55e6FoJ, 500, 4, 234257.88365250, 66.12872714
242, 120926, 120913, 1636562616, Mma3NmATUbQPPaHedx2bapF7DCTe55e6FoJ, 0.8, 4, 234258.68365250, 0.10580596
243, 121109, 121096, 1636567977, MmLZesELg8TPpaM2wTEZiaNcMLa8iPEiyvZ, 5000, 4, 239258.68365250, 661.28727143
244, 122008, 121995, 1636595343, MmecoK9v7NB9LSGgcqfMzr9WywRn7scjsfr, 1000, 4, 240258.68365250, 132.25745428
245, 122098, 122085, 1636598457, Mmh3xZsFpXr2w5kuy6WQdEyUimQnhqDvHKs, 3001, 4, 243259.68365250, 396.90462031
246, 122099, 122086, 1636598468, MmTomM8cApgqLU7GQffep3o63KZsZZ59x2m, 4500, 4, 247759.68365250, 595.15854428
247, 122107, 122094, 1636598786, Mmd1URYKeiiSxbu2mkoYepBuRjus1utwbM2, 6000, 4, 253759.68365250, 793.54472571
248, 122234, 122221, 1636601863, MmNgiwqNsJA7HFk7yyEiSPvFyVwQrXdM7rG, 500, 4, 254259.68365250, 66.12872714
249, 122236, 122223, 1636601893, MmUpHHReBVDAhge65JpZ3UiEUGqK7NbHpPW, 1000, 4, 255259.68365250, 132.25745428
250, 122297, 122284, 1636603495, MmXenvnvFdosgJFpHSMyAGFgjdDHEmfniAB, 500, 4, 255759.68365250, 66.12872714
251, 122306, 122293, 1636603813, MmWzfR1byJrgKQsuZBF3Qt52PkNhQaS4WdM, 3000, 4, 258759.68365250, 396.77236285
252, 122308, 122295, 1636603960, MmVyadFoDx877cP7QbPQwjQAYXem7vrX9rF, 500, 4, 259259.68365250, 66.12872714
253, 122431, 122418, 1636608149, MmYvJjcqFYV8yvJYQdaLeaQSP3CSWgkpaGr, 503, 4, 259762.68365250, 66.52549950
254, 122452, 122439, 1636609057, MmVqiCvnrYTTAB5AmLYaLGq58C6v7S798J2, 1500, 4, 261262.68365250, 198.38618142
255, 122473, 122460, 1636609702, Mmf59mjLdrTwe4nAxtoyyKsyg8feQ54koys, 999.99, 4, 262262.67365250, 132.25613171
256, 122481, 122468, 1636610001, MmbyzgUMHJeiHfhgUWpghdKpUDb7DkyXRqt, 500, 4, 262762.67365250, 66.12872714
257, 122518, 122505, 1636610896, Mmdy6N5oX87BwqwukYXMtvJfadvdSD5XU4n, 1000, 4, 263762.67365250, 132.25745428
258, 122564, 122551, 1636611941, MmTWbx137Pa5W1GhZYYZhnLJTrL5XUji3Uf, 500.5, 4, 264263.17365250, 66.19485587
259, 122617, 122604, 1636613298, Mmd66KYj7PgEvjwtySSNPP8ku9eTWy6RoPw, 500, 4, 264763.17365250, 66.12872714
260, 122632, 122619, 1636613966, Mmhn8B2neJg5ncSaXgTDy8kjn1ZzXt2jx7P, 500, 4, 265263.17365250, 66.12872714
261, 122645, 122632, 1636614348, MmhEBzQLCqZ2Z2HZVJ4BJUrLPPJVoApXATw, 500, 4, 265763.17365250, 66.12872714
262, 122697, 122684, 1636615498, MmRRTZXSukttvTgevtpkRLsXmPdEXTo9Xrx, 579, 4, 266342.17365250, 76.57706603
263, 122735, 122722, 1636616737, MmgsY7QYpNYjp7wz3g1ViUQ4FsM1XbLMpYA, 1000, 4, 267342.17365250, 132.25745428
264, 122769, 122756, 1636618119, MmUoK7TCKdzfZLNGZggxaMhDdhuDs4w6Gdf, 500, 4, 267842.17365250, 66.12872714
265, 122919, 122906, 1636622099, MmZYrC2CKGNaUPFy82gueprG1N59WMprH5A, 2000, 4, 269842.17365250, 264.51490857
266, 122921, 122908, 1636622144, MmMNU4HgUKoydvnzDH2JqyHr2WPYj9iCcVw, 500.5, 4, 270342.67365250, 66.19485587
267, 122957, 122944, 1636623078, MmXiUWVkmbeh2QBjsHZHqNAfh29d7efs3qN, 700, 4, 271042.67365250, 92.58021800
268, 123021, 123008, 1636625474, MmisiZEqQd6Vwic7uoZEjRr3jZghCF44bkp, 2000, 4, 273042.67365250, 264.51490857
269, 123028, 123015, 1636625729, MmSBoy37jGkkMTE1sk7L9KfVqrFm8khf71W, 200, 4, 273242.67365250, 26.45149085
270, 123045, 123032, 1636626229, MmbyzgUMHJeiHfhgUWpghdKpUDb7DkyXRqt, 9000, 4, 282242.67365250, 1190.31708857
271, 123050, 123037, 1636626633, MmLepPCkiHdA99JXaH8vwt3zRcjxUTaCWbU, 503.99, 4, 282746.66365250, 66.65643438
272, 123050, 123037, 1636626634, MmT51Yb2osyoRgn9r3YRxRJvEByzD2k9Neg, 535, 4, 283281.66365250, 70.75773804
273, 123057, 123044, 1636626811, MmTomM8cApgqLU7GQffep3o63KZsZZ59x2m, 500, 4, 283781.66365250, 66.12872714
274, 123102, 123089, 1636628352, MmfmKVXNeGyDXdcPFctCaTP8YWGmeLdfAQg, 2000, 4, 285781.66365250, 264.51490857
275, 123179, 123166, 1636630769, MmWgKrQS1gWPempAVfqBZpUwxCkPF4jsEps, 502.933, 4, 286284.59665250, 66.51663825
276, 123244, 123231, 1636632692, MmQKu9HbTos6gD4wR2deErWTXdjR55vM3Sp, 150, 4, 286434.59665250, 19.83861814
277, 123244, 123231, 1636632775, MmcnmbvX441EdLhxD9SjMnXvhrfJJt1Bx4L, 420, 4, 286854.59665250, 55.54813080
278, 123300, 123287, 1636634252, MmYYBxhPnd6UNrKy7hjHVHjFMLxMPhofKad, 1000, 4, 287854.59665250, 132.25745428
279, 123496, 123483, 1636639731, MmVQeurhZakXzD3V8RkDFx22cUG96QXbjcC, 499.99, 4, 288354.58665250, 66.12740456
280, 123636, 123623, 1636644126, MmPVnee3txzJ4sjoJGv7JMpbYyoUsMi91zz, 500, 4, 288854.58665250, 66.12872714
281, 123643, 123630, 1636644346, MmiTMKzVyjokcpfoCfL1w6JBB2xnPuro8f7, 530, 4, 289384.58665250, 70.09645077
282, 124369, 124356, 1636666276, MmNCXReEaFeMsFdBtrEqKqB1ryk5QLG7kMv, 1000, 4, 290384.58665250, 132.25745428
283, 124536, 124523, 1636671224, MmZrBPaf499rqQgb4JrhkRBbf9jW71e3Bae, 1505, 4, 291889.58665250, 199.04746870
284, 124643, 124630, 1636675430, MmTBXbZ9yTXe9ETRsG2xfyk5NAAabtAWSbR, 1500, 4, 293389.58665250, 198.38618142
285, 124711, 124698, 1636677152, MmPwWyQHhvZt2FwrVTZnP2DzXJfuc5cWgBf, 520, 4, 293909.58665250, 68.77387622
286, 124752, 124739, 1636678102, MmirHbFavawQs7JX97bYA687TQ2xkLpfbbX, 1001, 4, 294910.58665250, 132.38971174
287, 124756, 124743, 1636678199, Mma84KVNJ1GH79uswDCyc5rUijzbrErD15q, 1800, 4, 296710.58665250, 238.06341771
288, 124917, 124904, 1636682539, MmQ3RFahCMqY56WuUWRcMtePj9tE4VAPnGC, 300, 4, 297010.58665250, 39.67723628
289, 124958, 124945, 1636683788, MmSTPCGi7iN7BkrosR6AeRkmYauJrs7QhpL, 508, 4, 297518.58665250, 67.18678677
290, 125009, 124996, 1636685570, MmMM5EM6Yj6HnHPtwmmBDfeoCmcHu7aKktu, 504, 4, 298022.58665250, 66.65775696
291, 125065, 125052, 1636687218, MmQ32goTbGZ2rcsDLedu14uuHEt2jiZGPam, 501, 4, 298523.58665250, 66.26098459
292, 125068, 125055, 1636687406, MmMkYPcY5uvXYoK64Bma4mWXXBzGwkz8NJh, 500, 4, 299023.58665250, 66.12872714
293, 125074, 125061, 1636687623, MmXrVxonfgmkk3Pidt7GYmjDvv8K6Qq8zTG, 2000, 4, 301023.58665250, 264.51490857
294, 125083, 125070, 1636687976, MmfvxtLu4JxDSt73L2taDqcPgGTiErCtQcS, 500, 4, 301523.58665250, 66.12872714
295, 125095, 125082, 1636688212, MmYcg229AEtNdHB5BVpvvowkH6E4T2Cpmdh, 500, 4, 302023.58665250, 66.12872714
296, 125189, 125176, 1636690953, MmRzJpp6sZxp847Du13zLtPuNa4jQNA7yrs, 500, 4, 302523.58665250, 66.12872714
297, 125189, 125176, 1636690955, MmXddTb6huKpMqpmiKXPdDXoERu1nT5YpZB, 1000, 4, 303523.58665250, 132.25745428
298, 125197, 125184, 1636691083, MmfvxtLu4JxDSt73L2taDqcPgGTiErCtQcS, 500, 4, 304023.58665250, 66.12872714
299, 125210, 125197, 1636691496, Mmfkn88tcrg7WPdjrTJqciv5AUHZfCEVLmC, 500, 4, 304523.58665250, 66.12872714
300, 125222, 125209, 1636691861, MmbU61K9Ug4dRsASHygtWj3JW3rmbGLyDuY, 80, 4, 304603.58665250, 10.58059634
301, 125256, 125243, 1636692941, MmTA7j1Jvm9eKpLYXocwKvQsJ9BBp2X8a4j, 75, 4, 304678.58665250, 9.91930907
302, 125260, 125247, 1636693148, MmSiDeYRp5JDkWPFUqATUNVAdM1NrWj6Kyg, 89.91, 4, 304768.49665250, 11.89126771
303, 125270, 125257, 1636693593, MmLaZiwRNbu5SfXYgmHDCJ8SJ8pGPxRMMQY, 500, 4, 305268.49665250, 66.12872714
304, 125285, 125272, 1636694046, MmffLLdETmskgEqGnMoLT9vSkLXXUiKNsNC, 500, 4, 305768.49665250, 66.12872714
305, 125290, 125277, 1636694256, MmRM4HV7enwP695pwXL3p7fxb4p428RJHeQ, 2000, 4, 307768.49665250, 264.51490857
306, 125290, 125277, 1636694267, MmffLLdETmskgEqGnMoLT9vSkLXXUiKNsNC, 500, 4, 308268.49665250, 66.12872714
307, 125291, 125278, 1636694315, MmZK62ew7q6LXs8bdrtspTd9z2Dw4mhTs81, 180, 4, 308448.49665250, 23.80634177
308, 125367, 125354, 1636696782, MmYS3Mwa6bn7Y9E7gscYQX1JKfHMacNM3Dx, 500, 4, 308948.49665250, 66.12872714
309, 125412, 125399, 1636698159, Mmd6TXvV5HYrJuw2C7drbGHCjtaDtxLFcnL, 500, 4, 309448.49665250, 66.12872714
310, 125440, 125427, 1636698924, MmUysz5uDCGosVq6MVo9r8fyWFqXD6UgQQ1, 1500, 4, 310948.49665250, 198.38618142
311, 125459, 125446, 1636699379, MmUL2XJhrvCpspaU1wzdd2NiQGiDvZCFEg7, 500, 4, 311448.49665250, 66.12872714
312, 125489, 125476, 1636700067, MmdTJ2MuCr6c7V7RiHATbmXJuj23i7whEeR, 516.8, 4, 311965.29665250, 68.35065237
313, 125507, 125494, 1636700563, MmRh5FvrsReQ2uLhsnoG7o7j6UM5vRpaVdS, 501, 4, 312466.29665250, 66.26098459
314, 125514, 125501, 1636700688, MmT9RwcZowYVZECPrPP5q3gfTmTJhjFVbXi, 501, 4, 312967.29665250, 66.26098459
315, 125597, 125584, 1636703052, MmSwyzLVivsWeirLHaENUaGRsBknmQdBwNT, 500, 4, 313467.29665250, 66.12872714
316, 125613, 125600, 1636703371, MmVsEjzaA5UawT8fJwQcrNP6Ge4udbbn4B6, 500, 4, 313967.29665250, 66.12872714
317, 125624, 125611, 1636703662, MmXHbwV4PVRhnfPYA2Zqa4af7MJsZH3HuuK, 500, 4, 314467.29665250, 66.12872714
318, 125678, 125665, 1636705258, MmNRaizQvV9pgP8pBaKo9ZbUhmNFRMBYYHq, 500, 4, 314967.29665250, 66.12872714
319, 125687, 125674, 1636705565, MmQJL9GxtBeNY5WNxjpWH3C5zLDX83p1S5e, 501, 4, 315468.29665250, 66.26098459
320, 125702, 125689, 1636706178, MmisiZEqQd6Vwic7uoZEjRr3jZghCF44bkp, 500, 4, 315968.29665250, 66.12872714
321, 125770, 125757, 1636708260, MmbqCrqt2kZCM3j1ax1Fp15N6sH7HbG3Dtj, 500, 4, 316468.29665250, 66.12872714
322, 125770, 125757, 1636708268, MmiAZpXeVFKjnYMd9EUoah5vbrrCgSF4WZ5, 502, 4, 316970.29665250, 66.39324205
323, 125778, 125765, 1636708500, MmSwyzLVivsWeirLHaENUaGRsBknmQdBwNT, 500, 4, 317470.29665250, 66.12872714
324, 125784, 125771, 1636708794, MmYAUhu9fTFsoSyvUUWQNikPWcn4u1B9dmi, 500, 4, 317970.29665250, 66.12872714
325, 125798, 125785, 1636709216, MmNRaizQvV9pgP8pBaKo9ZbUhmNFRMBYYHq, 500.2, 4, 318470.49665250, 66.15517863
326, 125817, 125804, 1636709799, MmiAZpXeVFKjnYMd9EUoah5vbrrCgSF4WZ5, 503, 4, 318973.49665250, 66.52549950
327, 125838, 125825, 1636710504, MmLMvCvoHX7mHWzbe8otvzqtsaw9a1dnMJK, 499.99, 4, 319473.48665250, 66.12740456
328, 125843, 125830, 1636710752, MmNRaizQvV9pgP8pBaKo9ZbUhmNFRMBYYHq, 501, 4, 319974.48665250, 66.26098459
329, 125854, 125841, 1636710978, Mmfkn88tcrg7WPdjrTJqciv5AUHZfCEVLmC, 500, 4, 320474.48665250, 66.12872714
330, 125860, 125847, 1636711185, MmiAZpXeVFKjnYMd9EUoah5vbrrCgSF4WZ5, 503, 4, 320977.48665250, 66.52549950
331, 125898, 125885, 1636712572, MmbKEodDWxS3JRUoiY1KLUiSJdRtuYaS9M3, 501, 4, 321478.48665250, 66.26098459
332, 125903, 125890, 1636712675, Mmhfh1B5wuPwP92as41oWckQwL8gvzZZNWD, 500, 4, 321978.48665250, 66.12872714
333, 125947, 125934, 1636713854, MmbQssY1M8xcgJRdXM5pB8CJXJhGLCJh7fk, 530, 4, 322508.48665250, 70.09645077
334, 125990, 125977, 1636714911, MmYoGFjrcf4iULoCGbv5JSSBiGnqdo6ztaL, 1000, 4, 323508.48665250, 132.25745428
335, 126000, 125987, 1636715195, MmYoGFjrcf4iULoCGbv5JSSBiGnqdo6ztaL, 1, 4, 323509.48665250, 0.13225745
336, 126049, 126036, 1636716496, MmPtTJiQMYZm6nWYbr2CjTt6roxAm6BJ6rn, 500, 3, 324009.48665250, 49.59654535
337, 126059, 126046, 1636716870, MmdiMnhsqFrzTCHz5gBtW1a31HcH5pmjKrm, 10, 3, 324019.48665250, 0.99193090
338, 126077, 126064, 1636717289, MmM1FJwHkJ4EyyL4trT5GgBNLqohPf9p3dv, 98, 3, 324117.48665250, 9.72092289
339, 126080, 126067, 1636717409, MmaktFeNC9wybbwHo3HN8UkZ7RbkytUgzhU, 500, 3, 324617.48665250, 49.59654535
340, 126098, 126085, 1636717913, MmM1FJwHkJ4EyyL4trT5GgBNLqohPf9p3dv, 1900, 3, 326517.48665250, 188.46687235
341, 126099, 126086, 1636717944, MmLGyr47NpyHpAE4BK1FSeBWMQDPRrsgEVy, 500, 3, 327017.48665250, 49.59654535
342, 126106, 126093, 1636718134, MmfBSxK6o4hzTXArtvtfwURvLkcEL2mdEDx, 501, 3, 327518.48665250, 49.69573844
343, 126157, 126144, 1636720087, MmLeyGcbFXJvdFjjeEQxirgGmMenuhL2afW, 504, 3, 328022.48665250, 49.99331772
344, 126199, 126186, 1636721342, MmaJ2tfSchbPCks8sGZDnp2fsKhmfNEJQCm, 33.9, 3, 328056.38665250, 3.36264577
345, 126209, 126196, 1636721555, MmaJ2tfSchbPCks8sGZDnp2fsKhmfNEJQCm, 0.002, 3, 328056.38865250, 0.00019838
346, 126225, 126212, 1636721977, MmUrZSLbJtzu2iEgHFMNiGBrpp4fS9TWw5Q, 500, 3, 328556.38865250, 49.59654535
347, 126253, 126240, 1636722724, MmSrnTgQBJoWA6BseYFkuvsGJuWCQP2w8mi, 155, 3, 328711.38865250, 15.37492906
348, 126267, 126254, 1636723305, MmQzua4Wxa6y1yjwfXdCeFhgZccCjJDuycj, 501, 3, 329212.38865250, 49.69573844
349, 126316, 126303, 1636724961, MmLCqYR6uFR9f9jrdocBAFW1gZkUg1czUjC, 5001, 3, 334213.38865250, 496.06464666
350, 126390, 126377, 1636726859, MmSrnTgQBJoWA6BseYFkuvsGJuWCQP2w8mi, 4601, 3, 338814.38865250, 456.38741037
351, 126401, 126388, 1636727370, MmZQ71YQ1jJLuPBDuwnC5p1qAtzNqaS2zQm, 500, 3, 339314.38865250, 49.59654535
352, 126473, 126460, 1636729268, MmUrXcCprFumxW3J6E6bRL25DbAtQkLBoXp, 500, 3, 339814.38865250, 49.59654535
353, 126485, 126472, 1636729585, Mme5ZnNHzE9GVji2td6Y5x5exPkVDHLYb2Q, 501, 3, 340315.38865250, 49.69573844
354, 126629, 126616, 1636734263, MmWQbA5rH3623C1gu5492nctdtxKdG7de1j, 500, 3, 340815.38865250, 49.59654535
355, 127165, 127152, 1636749967, MmQmXr8ke7nHRrpXmeUsGpMHxoC6fmuz4Qz, 150.5, 3, 340965.88865250, 14.92856015
356, 127570, 127557, 1636762836, MmZku2BAYP77uKj63Gms2qdEfeffx8TW5g4, 500, 3, 341465.88865250, 49.59654535
357, 127577, 127564, 1636763029, MmZku2BAYP77uKj63Gms2qdEfeffx8TW5g4, 500, 3, 341965.88865250, 49.59654535
358, 127577, 127564, 1636763035, MmMQFx2kv4PwRovX1uuQWd4cj9CKe3DcUfC, 500.5, 3, 342466.38865250, 49.64614190
359, 127580, 127567, 1636763110, MmZku2BAYP77uKj63Gms2qdEfeffx8TW5g4, 500, 3, 342966.38865250, 49.59654535
360, 127582, 127569, 1636763238, MmZku2BAYP77uKj63Gms2qdEfeffx8TW5g4, 500, 3, 343466.38865250, 49.59654535
361, 127714, 127701, 1636766690, MmecJbb7kuyfrBqMiU5ReLbNAT5VmSs4Ma3, 500, 3, 343966.38865250, 49.59654535
362, 127733, 127720, 1636767192, MmfHCY3T95h8C91kHNekABzh2gBMZVgBNzS, 500, 3, 344466.38865250, 49.59654535
363, 127743, 127730, 1636767347, MmceZEC9YZyEkwe6WVX1s3JCEdYPaohGRLZ, 514.99, 3, 344981.37865250, 51.08344978
364, 127743, 127730, 1636767356, MmUrXcCprFumxW3J6E6bRL25DbAtQkLBoXp, 500, 3, 345481.37865250, 49.59654535
365, 127915, 127902, 1636772970, MmVF3vpnLCnU3wf4ZxyNXjYxCM2PKW9RvHH, 500, 3, 345981.37865250, 49.59654535
366, 128071, 128058, 1636777859, MmXCK83x7XjmrsUEH4P3HL5WbgqvZe2z6Qm, 500, 3, 346481.37865250, 49.59654535
367, 128082, 128069, 1636778277, Mmet4yK7mcjgxSauQN9cwvuYQJsVAJ2dkJb, 100, 3, 346581.37865250, 9.91930907
368, 128198, 128185, 1636781781, MmNkqvsAXgRhqZat549yoDzFxeFjYc1AEhE, 121, 3, 346702.37865250, 12.00236397
369, 128274, 128261, 1636783565, MmX9RxuGeZmXFv2R3uGa4SUupEdry9NAJmF, 501, 3, 347203.37865250, 49.69573844
370, 128280, 128267, 1636783778, MmYcN6FMgd3GkmhkUaC3DcNoM8jDFGPajpb, 501, 3, 347704.37865250, 49.69573844
371, 128351, 128338, 1636785517, MmLH1F6S3iNPwE12mhNRqcoHGxYiiWstD9d, 1000, 3, 348704.37865250, 99.19309071
372, 128353, 128340, 1636785570, MmTozyfUgYx61EqJkfwPzoe92SPs4uQ5F2a, 522, 3, 349226.37865250, 51.77879335
373, 128453, 128440, 1636788999, MmXiUWVkmbeh2QBjsHZHqNAfh29d7efs3qN, 41, 3, 349267.37865250, 4.06691671
374, 128525, 128512, 1636791480, MmiZtXmUGTouVLWD4k1p5keWBzkRey9G9h7, 507, 3, 349774.37865250, 50.29089699
375, 128543, 128530, 1636792068, Mmfadc6NLfChUxpPn8YfdgJ1CQ676C8u4TJ, 1000, 3, 350774.37865250, 99.19309071
376, 128556, 128543, 1636792489, MmbQssY1M8xcgJRdXM5pB8CJXJhGLCJh7fk, 479, 3, 351253.37865250, 47.51349045
377, 128575, 128562, 1636792989, MmLephTaokmymR9ug7eH5JohRdNw4uXiie6, 501, 3, 351754.37865250, 49.69573844
378, 128575, 128562, 1636793024, MmgryJ1hy4zFpsA74XC6xD9zv5RUZbfhRMP, 2500, 3, 354254.37865250, 247.98272678
379, 128596, 128583, 1636793760, MmZz6WKMvChUwNdNrgNAbXKAoLsEtmcoo6s, 500, 3, 354754.37865250, 49.59654535
380, 128608, 128595, 1636793971, MmbTYJiBHyo1UWEvSfGfrtjx48qeg7pX5q4, 500, 3, 355254.37865250, 49.59654535
381, 128615, 128602, 1636794254, MmhczbvAAGh9NkQt95XgaUtVSjCYjUGURv3, 160, 3, 355414.37865250, 15.87089451
382, 128630, 128617, 1636794629, Mmec6iCP5Rq9zyecgRXdfczsDymEtmWVtCF, 3000, 3, 358414.37865250, 297.57927214
383, 128772, 128759, 1636798645, MmbwSpTYqGhVXcQ4LxKeKiy36M4yU329msC, 500, 3, 358914.37865250, 49.59654535
384, 128810, 128797, 1636799948, MmRdV7ikUvP2hJQicvaG5jFgFMDv2PbCVer, 1000, 3, 359914.37865250, 99.19309071
385, 128853, 128840, 1636801664, MmgffqJPyidPqn7FcMt6U4ckPnH8EPrnWmz, 814, 3, 360728.37865250, 80.74317584
386, 128929, 128916, 1636803974, MmRDnoBFpGV6cH1TyJetvVwxqDfpoas2uFD, 500, 3, 361228.37865250, 49.59654535
387, 128932, 128919, 1636804031, MmNdqgz9sSvzTJW3rivGnwkiiBXW2bCocrP, 2500, 3, 363728.37865250, 247.98272678
388, 129115, 129102, 1636809167, Mmgjobeaoa6vajrwUkA7SsRfe5QZCEpJWJG, 40, 3, 363768.37865250, 3.96772362
389, 129116, 129103, 1636809206, MmcyTd2iKBCkVvMtkbjJX6XYRwYsSqt4Uxc, 1000, 3, 364768.37865250, 99.19309071
390, 129176, 129163, 1636810735, MmhbU4qoj3tabg7XkENevyrFxqCmZPLF9Cc, 500, 3, 365268.37865250, 49.59654535
391, 129316, 129303, 1636814776, MmebVVW9FsvRL8sXeJLkrFT7DTTvtY3MUfU, 500, 3, 365768.37865250, 49.59654535
392, 129422, 129409, 1636818720, MmZnwi43753ak756s2dbDwdDKsmkQXACxSm, 502, 3, 366270.37865250, 49.79493153
393, 129462, 129449, 1636820154, MmVPkifZSfTjdaogATjyNGUhzCBh7T4RYgQ, 500.8, 3, 366771.17865250, 49.67589982
394, 130272, 130259, 1636844170, MmV2ykGWgvhFP9hJANLQ78on9KEmXqqTyQo, 501, 3, 367272.17865250, 49.69573844
395, 130433, 130420, 1636848708, MmNsLqY1VXq6Z14GnAc55isnZoGE5XRJaYZ, 502, 3, 367774.17865250, 49.79493153
396, 130562, 130549, 1636852887, Mmc82hjURu1ZNG9LLDYdug6p3EJdDug2GXf, 1000, 3, 368774.17865250, 99.19309071
397, 130650, 130637, 1636855430, MmgsY7WVihvTQuyWqnR1Cxy1mHSTrhPwKua, 2000, 3, 370774.17865250, 198.38618142
398, 130670, 130657, 1636856229, MmQ6X7zD4EWAs4oy9o7crhDs1g7kra3gJkj, 500.199, 3, 371274.37765250, 49.61628478
399, 130830, 130817, 1636860781, MmdpvqtMoJSd3PMqbGc2pbCDaum5KrTRRnr, 500, 3, 371774.37765250, 49.59654535
400, 130867, 130854, 1636861554, MmNsfDAqVw5gYxR3f1M7HTsxaePjsKomggT, 507, 3, 372281.37765250, 50.29089699
401, 130872, 130859, 1636861772, MmLf5X1zzjnMGWYMnRgq42RYRfNqPEBbak6, 500, 3, 372781.37765250, 49.59654535
402, 130934, 130921, 1636863528, MmMsJM5F7AGoG8SM2aNTfJW2zQwE7AFgkbd, 505, 3, 373286.37765250, 50.09251081
403, 130973, 130960, 1636864730, MmW9LcEADAhobcz29cjGjT4T2ZHmHvPZ5ow, 500, 3, 373786.37765250, 49.59654535
404, 131022, 131009, 1636866377, MmZ8SCnbxD48wNoV5b26ZoZ9dmhfucSr1rL, 500.5, 3, 374286.87765250, 49.64614190
405, 131052, 131039, 1636867422, MmhNrwjJFz7PkUra5H86aUsjSrWNbAFBs3K, 500, 3, 374786.87765250, 49.59654535
406, 131055, 131042, 1636867498, MmPzhyFbmWPDzgA5DcTkq7CGdwcFgTzQyiM, 500.5, 3, 375287.37765250, 49.64614190
407, 131089, 131076, 1636868588, MmZzdoNCqASxTiUeJrwxDuHpeSnzmusWLZK, 500.05, 3, 375787.42765250, 49.60150501
408, 131160, 131147, 1636870578, MmbBqjdF3rQRUDZ1rW6qyb8Dcx7pf21uMxJ, 500, 3, 376287.42765250, 49.59654535
409, 131170, 131157, 1636870850, MmfJNMM53dsoKBwJvgCQGpmnB3vmXDCSY2G, 500.99, 3, 376788.41765250, 49.69474651
410, 131213, 131200, 1636872074, MmiejEFXpdwibqSW8KApUByeGnSx6HxqAiT, 500, 3, 377288.41765250, 49.59654535
411, 131246, 131233, 1636873396, Mmfbsc3sT6bWwJVU4vTcSQiKPQRS2LHvVFm, 500, 3, 377788.41765250, 49.59654535
412, 131310, 131297, 1636875097, Mmfkn88tcrg7WPdjrTJqciv5AUHZfCEVLmC, 2000, 3, 379788.41765250, 198.38618142
413, 131453, 131440, 1636879422, MmdCfVYeuGLjStKW16vE6ryoY2qd4mdBp1K, 503.4, 3, 380291.81765250, 49.93380186
414, 131497, 131484, 1636880688, MmNPgMZKZqGSNQ4saEHdHjD4KQQoBXCSMPh, 506, 3, 380797.81765250, 50.19170390
415, 131601, 131588, 1636883923, Mmarz5seAPQmz1FStZK5pNPPTUYv5VxxY8F, 1.02, 3, 380798.83765250, 0.10117695
416, 131638, 131625, 1636884990, MmZouJRJSTZYnWEtsBUijzkP6f7D5FkSSrs, 507, 3, 381305.83765250, 50.29089699
417, 131674, 131661, 1636885882, MmeifGLJyScNx5CLxftWJzJ1WVKS7XDTPYe, 505, 3, 381810.83765250, 50.09251081
418, 131693, 131680, 1636886438, MmUkmv7H32mCBa8aPDZZfSGEYQawjAi9KxS, 506, 3, 382316.83765250, 50.19170390
419, 131716, 131703, 1636887142, MmThZehk5rjbCmt5VWmBmA5QnQo1W419Kfj, 388, 3, 382704.83765250, 38.48691919
420, 131870, 131857, 1636892086, MmVHPgTjvRHsHzj4zbSmrcDd1h89GFXBFkD, 50, 3, 382754.83765250, 4.95965453
421, 131920, 131907, 1636893641, MmdUYVcpbZviqhfmpECjibiahC7D9bhEMpg, 1000, 3, 383754.83765250, 99.19309071
422, 132020, 132007, 1636896641, MmRC3szH2gsZATebpiw9TVPuoWMMJFG3UKh, 501, 3, 384255.83765250, 49.69573844
423, 132057, 132044, 1636897690, MmiFN1oH8urXTencsxWPLCLAAYHTndTczzg, 5000, 3, 389255.83765250, 495.96545357
424, 132092, 132079, 1636898527, MmWsDVQRAL3ooKB1yJwyvuMNvxNvYiFMMNu, 500, 3, 389755.83765250, 49.59654535
425, 132217, 132204, 1636902239, MmTj8G6QyrAJhunACnLJAz1XQahwLYHyuvN, 501.77, 3, 390257.60765250, 49.77211712
426, 132229, 132216, 1636902599, MmLYRMBvFyAoyrgVnFy2VqGbXToErqGSofY, 508, 3, 390765.60765250, 50.39009008
427, 132272, 132259, 1636904120, MmdorKZ3AyK5RRAvMBPansDFozkayV1Q1vg, 502, 3, 391267.60765250, 49.79493153
428, 132277, 132264, 1636904307, MmdorKZ3AyK5RRAvMBPansDFozkayV1Q1vg, 501, 3, 391768.60765250, 49.69573844
429, 132282, 132269, 1636904448, MmdorKZ3AyK5RRAvMBPansDFozkayV1Q1vg, 500, 3, 392268.60765250, 49.59654535
430, 132354, 132341, 1636906349, MmZKUSnb4oGQALYNkfC4buKYRvKXXpWC8Qp, 501, 3, 392769.60765250, 49.69573844
431, 132359, 132346, 1636906775, MmX5sTQABQa7g7PzpHzt51ddnE1bK9D1W1H, 500, 3, 393269.60765250, 49.59654535
432, 132585, 132572, 1636913343, MmdorKZ3AyK5RRAvMBPansDFozkayV1Q1vg, 504, 3, 393773.60765250, 49.99331772
433, 132589, 132576, 1636913499, MmdorKZ3AyK5RRAvMBPansDFozkayV1Q1vg, 505, 3, 394278.60765250, 50.09251081
434, 132767, 132754, 1636918527, MmdorKZ3AyK5RRAvMBPansDFozkayV1Q1vg, 506, 3, 394784.60765250, 50.19170390
435, 132770, 132757, 1636918679, MmdorKZ3AyK5RRAvMBPansDFozkayV1Q1vg, 507, 3, 395291.60765250, 50.29089699
436, 132919, 132906, 1636923677, MmRCAnujmXeDDPigy8F5S1bJfdKA5mGJNP1, 500, 3, 395791.60765250, 49.59654535
437, 132927, 132914, 1636923941, MmRCAnujmXeDDPigy8F5S1bJfdKA5mGJNP1, 1, 3, 395792.60765250, 0.09919309
438, 132957, 132944, 1636924721, MmRCAnujmXeDDPigy8F5S1bJfdKA5mGJNP1, 0.9, 3, 395793.50765250, 0.08927378
439, 133323, 133310, 1636935195, MmRvDJYpk6Fn8oJQtCGss8v7VgZSF5WrRyp, 503.99, 3, 396297.49765250, 49.99232578
440, 136788, 136774, 1636937594, MmfYfTEyYmpei7PGvqQ8SuzfEPQNpvHAc7T, 503, 3, 396800.49765250, 49.89412462
441, 136578, 136564, 1636937594, MmazKP7wDSNYq28VdSyRe6AphUZpphcuhZz, 1000, 3, 397800.49765250, 99.19309071
442, 136791, 136777, 1636937594, MmVka7EtUVq8u8wNqmBor4nBui7SpAUk9Gt, 1000, 3, 398800.49765250, 99.19309071
443, 136935, 136921, 1636937594, MmcnGxwdTVZ7r5id3AejGiRMH4KXUVeMy7P, 3000, 3, 401800.49765250, 297.57927214
444, 137925, 137911, 1636937594, Mmitkm7jdxmKiD7zx26UzPbavtR1pdC4KDN, 500, 3, 402300.49765250, 49.59654535
445, 137432, 137418, 1636937594, Mmb4cn9kN3QMGBZRZ86GG8Nce8YRFr9XLbX, 500.2, 3, 402800.69765250, 49.61638397
446, 136809, 136795, 1636937594, MmirTBstzGHGBqk8VrACTcNbmGojiwxfNJk, 499.999, 3, 403300.69665250, 49.59644616
447, 137585, 137571, 1636937594, MmNHWpf81ESPKnXZqRT89nhDaxZVLMa7ZYE, 511.4, 3, 403812.09665250, 50.72734659
448, 137087, 137073, 1636937594, MmNYhyTASd3ozVxACfi59v2eax6LTdCguQc, 528.86, 3, 404340.95665250, 52.45925795
449, 137097, 137083, 1636937594, MmY41GffRytxtGhtDibBAUd9qk9q9YPcFHg, 2000, 3, 406340.95665250, 198.38618142
450, 136691, 136677, 1636937594, MmVpLVQZPHcge8LyZyRtNeL5Q3HCAaxNvtp, 400, 3, 406740.95665250, 39.67723628
451, 137522, 137508, 1636937594, MmRrBTqPgvtPYYNHpPXKXUBumo4qSENYA7E, 30.02, 3, 406770.97665250, 2.97777658
452, 136770, 136756, 1636937594, MmN3naE5eGGaveXQxvgWs3mnwDvSegyUeey, 501, 3, 407271.97665250, 49.69573844
453, 137754, 137740, 1636937594, Mma84KVNJ1GH79uswDCyc5rUijzbrErD15q, 185, 3, 407456.97665250, 18.35072178
454, 138879, 138865, 1636937594, Mmc2dxFZF9pXh5gWTVsEKE8YzDspErWmc6j, 19, 3, 407475.97665250, 1.88466872
455, 137132, 137118, 1636937594, MmbEEDc4pvSD4oUBWVYFHKmpxhC9fcmWXs6, 300, 3, 407775.97665250, 29.75792721
456, 137380, 137366, 1636937594, MmZXzRtP3VhJ97gCSF9pDqyURRtmsaLvDUT, 501, 3, 408276.97665250, 49.69573844
457, 136821, 136807, 1636937594, MmN3naE5eGGaveXQxvgWs3mnwDvSegyUeey, 500, 3, 408776.97665250, 49.59654535
458, 137263, 137249, 1636937594, MmXqW5acePJfsKHmp8Coohmq2N7GUAZsGFX, 100, 3, 408876.97665250, 9.91930907
459, 145687, 145671, 1636937594, MmP2SDVc224LWdykyPqeMg4xdMZv82CnN4C, 499.5, 2, 409376.47665250, 33.03129920
460, 136816, 136802, 1636937594, MmVka7EtUVq8u8wNqmBor4nBui7SpAUk9Gt, 1000, 3, 410376.47665250, 99.19309071
461, 133401, 133388, 1636937905, Mmh9P83PT1NYdfT4Dp8gTRQu79zHbeKrQTS, 516, 3, 410892.47665250, 51.18363480
462, 133452, 133439, 1636939537, MmYRMupDKH5RGuyc2GPXxis1Vp9HuvKfUDT, 512, 3, 411404.47665250, 50.78686244
463, 133490, 133477, 1636940335, Mmay2gxPk4TPPKUN913VSKgkDuKQgsqSPfw, 501.19, 3, 411905.66665250, 49.71458513
464, 133528, 133515, 1636941377, MmPLTR1gSP7ER8f52WriD1sTQMULLf9PnHU, 501, 3, 412406.66665250, 49.69573844
465, 133561, 133548, 1636942945, MmRADFuFtL9oGty49b4GopUqri18az7KJ1k, 1500, 3, 413906.66665250, 148.78963607
466, 133566, 133553, 1636943046, MmdjjVhp5NNfoHmXc9muaywr5FiaswdGfMt, 1000, 3, 414906.66665250, 99.19309071
467, 133603, 133590, 1636944464, MmNRaizQvV9pgP8pBaKo9ZbUhmNFRMBYYHq, 500.3, 3, 415406.96665250, 49.62630328
468, 133618, 133605, 1636945028, MmVHPgTjvRHsHzj4zbSmrcDd1h89GFXBFkD, 450, 3, 415856.96665250, 44.63689082
469, 133634, 133621, 1636945370, MmNRaizQvV9pgP8pBaKo9ZbUhmNFRMBYYHq, 500.4, 3, 416357.36665250, 49.63622259
470, 133645, 133632, 1636945666, MmeC1cvygxTnaYScQ4yx7HMxtu8p8cbtohG, 500, 3, 416857.36665250, 49.59654535
471, 133647, 133634, 1636945701, MmSeJBhxxUcE85LDWt79QCVu5FNM8Y1bnjP, 514, 3, 417371.36665250, 50.98524862
472, 133662, 133649, 1636945998, MmYAUhu9fTFsoSyvUUWQNikPWcn4u1B9dmi, 500, 3, 417871.36665250, 49.59654535
473, 133668, 133655, 1636946141, MmVQeurhZakXzD3V8RkDFx22cUG96QXbjcC, 500.1, 3, 418371.46665250, 49.60646466
474, 133688, 133675, 1636946564, MmVQeurhZakXzD3V8RkDFx22cUG96QXbjcC, 501.4, 3, 418872.86665250, 49.73541568
475, 133784, 133771, 1636949084, MmfFwmZMZpaxRGXC7eeND53W7ogybC7Z36A, 200, 3, 419072.86665250, 19.83861814
476, 133849, 133836, 1636951126, MmVnbheJ2SPmMCtsrrni4ibfxkFWCREQfXa, 500, 3, 419572.86665250, 49.59654535
477, 133868, 133855, 1636951829, MmZYrC2CKGNaUPFy82gueprG1N59WMprH5A, 2000, 3, 421572.86665250, 198.38618142
478, 133880, 133867, 1636952166, MmPaMTUje5tP6VW9HRuRZzL4216u9nsWqKU, 500, 3, 422072.86665250, 49.59654535
479, 133890, 133877, 1636952463, MmNLuzxGHzKSUaGDFijdohLXJomoBeLuUaX, 500, 3, 422572.86665250, 49.59654535
480, 133943, 133930, 1636954008, MmdQiYMFNcTz7U4PsNw4Z5imUcYHQdWX27K, 500, 3, 423072.86665250, 49.59654535
481, 133945, 133932, 1636954063, MmUTFkg4K6EmKSGd7QeWZ1oxcpW2DH5npHU, 501, 3, 423573.86665250, 49.69573844
482, 133947, 133934, 1636954171, MmKjLLLyj1T6vBi4EQtKB23yhZkVcrvESma, 500, 3, 424073.86665250, 49.59654535
483, 133981, 133968, 1636955388, MmRsK8sgQzPWmGYhAio5FVNdnVJviFoyyN3, 500, 3, 424573.86665250, 49.59654535
484, 133991, 133978, 1636955856, MmdorKZ3AyK5RRAvMBPansDFozkayV1Q1vg, 500.5, 3, 425074.36665250, 49.64614190
485, 134003, 133990, 1636956241, MmdorKZ3AyK5RRAvMBPansDFozkayV1Q1vg, 501.5, 3, 425575.86665250, 49.74533499
486, 134011, 133998, 1636956612, MmdorKZ3AyK5RRAvMBPansDFozkayV1Q1vg, 502.5, 3, 426078.36665250, 49.84452808
487, 134014, 134001, 1636956723, MmiTC5Qa3VAmQ4EoiDPbUNfHSNCcYUG245t, 500, 3, 426578.36665250, 49.59654535
488, 134033, 134020, 1636957388, MmWoE96zsR74Zc9UA1ga1GtafMESbXztgpz, 38, 3, 426616.36665250, 3.76933744
489, 134076, 134063, 1636958991, MmTPnuL6DVQqPLnpjsBMvBkDPvqxByHaUdL, 510, 3, 427126.36665250, 50.58847626
490, 134152, 134139, 1636960925, MmSvfrQLzAwGaN6xxYxdFdYmtTxp2Vrfrw6, 500, 3, 427626.36665250, 49.59654535
491, 134173, 134160, 1636961332, Mmcb2Ljt9m61HJicL5QcfkzxPns4uSmcDqE, 501, 3, 428127.36665250, 49.69573844
492, 134178, 134165, 1636961529, Mma9ezvbzSYNLEXPasWokx1GaoDtUNe1682, 95.32, 3, 428222.68665250, 9.45508540
493, 134192, 134179, 1636961743, MmetRDjg6AqxANLa1zK8Y1vjJZv1gVcVYr1, 500, 3, 428722.68665250, 49.59654535
494, 134202, 134189, 1636962000, MmdorKZ3AyK5RRAvMBPansDFozkayV1Q1vg, 500.3, 3, 429222.98665250, 49.62630328
495, 134218, 134205, 1636962285, MmL5qsWEU6jYYtUyDCys4ZZmB5ubRDQcHjQ, 500, 3, 429722.98665250, 49.59654535
496, 134221, 134208, 1636962329, MmdorKZ3AyK5RRAvMBPansDFozkayV1Q1vg, 501.3, 3, 430224.28665250, 49.72549637
497, 134250, 134237, 1636963444, MmPWYcnLKdTYZPHJd2ud6GGx5oDWLWheMyP, 501, 3, 430725.28665250, 49.69573844
498, 134264, 134251, 1636963751, MmUwz46SkyNYQYtDSG3kwXn7eEhESWecP1D, 2000, 3, 432725.28665250, 198.38618142
499, 134279, 134266, 1636964195, MmeAgGy2U8JT3Mi2ZbkTQXx5K2jNB1MDv6e, 500, 3, 433225.28665250, 49.59654535
500, 134325, 134312, 1636965635, MmL61kjaS9fokG54E5NhcXmwcrscp9QfUwX, 500, 3, 433725.28665250, 49.59654535
501, 134357, 134344, 1636966548, Mmcmj2ihxnmjmPNvwrz5Wt69tacKcn8ZWhw, 6800, 3, 440525.28665250, 674.51301685
502, 134365, 134352, 1636966874, MmVzxU19X6R3suaeQ9YTwPRLJfBZJV1pD19, 502.3, 3, 441027.58665250, 49.82468946
503, 134389, 134376, 1636967303, MmhJC82kZq3EQxJQCqTwdx1caKg4FJS1XS4, 510, 3, 441537.58665250, 50.58847626
504, 134397, 134384, 1636967557, MmMGbx6eEUyvs81upHotWE125kGNX6AeSHr, 500, 3, 442037.58665250, 49.59654535
505, 134414, 134401, 1636968106, MmUJGE9wpKJ62qWqY1W9h5igTNuoLx5aUEi, 507.76, 3, 442545.34665250, 50.36628374
506, 134425, 134412, 1636968732, MmdhT1XdVzApYtCSTMrbhbw7kHHnjopXX5g, 500.99, 3, 443046.33665250, 49.69474651
507, 134444, 134431, 1636969309, MmR7STCsZ7v5J4CWPieyP72fdB1vHqQCnHj, 505, 3, 443551.33665250, 50.09251081
508, 134483, 134470, 1636970420, MmacZ7Havvsahm883SNhivdywmxkzdtgiig, 500, 3, 444051.33665250, 49.59654535
509, 134493, 134480, 1636970754, MmLQB7g7VsLxo882fL4iEtLTyMrzevoCMQA, 500, 3, 444551.33665250, 49.59654535
510, 134499, 134486, 1636970909, MmUng4CfY4RV9mKiWUG9S9A6x8YRDmabBCy, 501, 3, 445052.33665250, 49.69573844
511, 134511, 134498, 1636971139, MmM16UEtcrGqfUG2H3GmeSoFbN5huWa4ojR, 500, 3, 445552.33665250, 49.59654535
512, 134520, 134507, 1636971325, Mma9a8FjeHqdb7iQKpnGzGMcFXDqMf19UmQ, 502.598, 3, 446054.93465250, 49.85424900
513, 134528, 134515, 1636971485, MmYcg229AEtNdHB5BVpvvowkH6E4T2Cpmdh, 500, 3, 446554.93465250, 49.59654535
514, 134578, 134565, 1636973191, MmWPhar7x4HRDBErUrYTLSbwQ4EAQHrziWs, 500, 3, 447054.93465250, 49.59654535
515, 134587, 134574, 1636973503, Mmb9fgf1vydTBHqF18SfwaHhWJ7NjYMwAmL, 500, 3, 447554.93465250, 49.59654535
516, 134643, 134630, 1636975223, MmfPRsX5kz6n1dsn7UG18Qjz5sT6JVM4Bzs, 3500, 3, 451054.93465250, 347.17581750
517, 134668, 134655, 1636975862, MmQAZKaZRw6qzC3a3GGAsfiH7CZCzznB67t, 150, 3, 451204.93465250, 14.87896360
518, 134672, 134659, 1636976014, MmRMc4j2pKFiWbUaTh8fg6TKj1u5ZCZZxCv, 500.6, 3, 451705.53465250, 49.65606121
519, 134675, 134661, 1636976096, MmZAuxsoFaA42FRXx3kdJ8FqsjKTUhHGJji, 500.199, 3, 452205.73365250, 49.61628478
520, 134682, 134668, 1636976268, MmYDZPsU46p9wLHJbAf1fpfszADyiahU1w6, 500, 3, 452705.73365250, 49.59654535
521, 134702, 134688, 1636976706, MmRw2FxsrWXMiFV8h2QmeMakteJ7jvAz2HB, 500, 3, 453205.73365250, 49.59654535
522, 134713, 134699, 1636977107, MmeF8Tk8EbyEySUynsMHx9PJuts6vVtjvK2, 400, 3, 453605.73365250, 39.67723628
523, 134761, 134747, 1636978684, MmekQyH1HUpVWBLivdzRRoSr9ikaTsejppo, 1002, 3, 454607.73365250, 99.39147689
524, 134894, 134880, 1636982649, Mmdk1NP19WeYh5ejeGsizroWQ8T4tY49B2R, 501, 3, 455108.73365250, 49.69573844
525, 134949, 134935, 1636984395, MmTmFpejdi4PZPe2wdtiGPSHKAmJPKh24P1, 504, 3, 455612.73365250, 49.99331772
526, 134953, 134939, 1636984545, MmXT3Vi5x9FLsAWWrXajdxuNVSWpPQSQGAc, 504, 3, 456116.73365250, 49.99331772
527, 134993, 134979, 1636985668, MmWTpvy4CCGsJrqMx4jquAz4sTiyZ3deDiE, 5000, 3, 461116.73365250, 495.96545357
528, 134998, 134984, 1636985812, MmRyEs1WjWA6FZqAS1bcVGCftguqCcdVCsu, 500, 3, 461616.73365250, 49.59654535
529, 135000, 134986, 1636985904, MmZv4fpJeoVeRr7S5n34UmZNatLWu1usqem, 499.999, 3, 462116.73265250, 49.59644616
530, 135010, 134996, 1636986328, Mmgxc4THDyqyjN4ijCWb7MM3sMoriXG3TTL, 504, 3, 462620.73265250, 49.99331772
531, 135051, 135037, 1636987880, MmMau4EhdL2EJ3MSzguhs5prENQLJN3zbBG, 500, 3, 463120.73265250, 49.59654535
532, 135101, 135087, 1636989347, MmLnZ3DFsjBLjsGH7PnubRX32J99xS2yGAj, 500.5, 3, 463621.23265250, 49.64614190
533, 135719, 135705, 1637007989, MmeFSkDfiY76fqEKmdMjNumPCmxU7q7xQRX, 500, 3, 464121.23265250, 49.59654535
534, 136179, 136165, 1637021590, MmiuCjM6wJzuXdGYeFyiv2tMauk3HYRBvuu, 500, 3, 464621.23265250, 49.59654535
535, 136254, 136240, 1637023661, MmZmumg8Jp7mzFNNcRZ1kWvrkyufBotP1VU, 499.99, 3, 465121.22265250, 49.59555342
536, 136325, 136311, 1637026014, MmSaCzzrE5e33C7cffSjHcWYaLbbtLj61M4, 500, 3, 465621.22265250, 49.59654535
537, 136388, 136374, 1637027911, MmYS3Mwa6bn7Y9E7gscYQX1JKfHMacNM3Dx, 1000, 3, 466621.22265250, 99.19309071
538, 136703, 136689, 1637036794, Mmi6fpgtWvWHZmpyyhhLvD2Pr4d3qwRngk8, 500, 3, 467121.22265250, 49.59654535
539, 136908, 136894, 1637043649, MmNRaizQvV9pgP8pBaKo9ZbUhmNFRMBYYHq, 1000, 3, 468121.22265250, 99.19309071
540, 136949, 136935, 1637044663, MmNRaizQvV9pgP8pBaKo9ZbUhmNFRMBYYHq, 1000.09, 3, 469121.31265250, 99.20201809
541, 137534, 137520, 1637062541, MmNeCfYHCoucwjKFzLVSU9HPemGqYhZjq4Q, 292, 3, 469413.31265250, 28.96438248
542, 137637, 137623, 1637065589, MmiFN1oH8urXTencsxWPLCLAAYHTndTczzg, 13000, 3, 482413.31265250, 1289.51017929
543, 137819, 137805, 1637071135, MmYcg229AEtNdHB5BVpvvowkH6E4T2Cpmdh, 500, 3, 482913.31265250, 49.59654535
544, 139229, 139215, 1637113292, MmTcWSYjy6UeZHjR5mvWSLHfoTPvKxDdcQ5, 300, 3, 483213.31265250, 29.75792721
545, 139259, 139245, 1637113954, MmTzk11ShsQi3kYGNbjN3mxkiixKX74MfnW, 508, 3, 483721.31265250, 50.39009008
546, 139261, 139247, 1637114020, MmbQssY1M8xcgJRdXM5pB8CJXJhGLCJh7fk, 498, 3, 484219.31265250, 49.39815917
547, 139292, 139278, 1637115095, MmRovVyMfB5diuUNaLNVZYpH98jkpG574ye, 50, 3, 484269.31265250, 4.95965453
548, 139308, 139294, 1637115437, MmRQhCtZEgr1dksnbzHrEP2GVHrqhyb92wG, 40, 3, 484309.31265250, 3.96772362
549, 139313, 139299, 1637115588, MmfjZzMqKdAGtcb9Jze9pVrfcmBApUpurUx, 500, 3, 484809.31265250, 49.59654535
550, 139614, 139600, 1637124564, MmhWjdm7RkUGtUXk8CEkH3KxaDwJs9WWpv8, 532, 3, 485341.31265250, 52.77072426
551, 139620, 139606, 1637124639, MmNSmWkZHzoXTnPgKFe5qvRZjuCS6aXkPaY, 200, 3, 485541.31265250, 19.83861814
552, 139684, 139670, 1637126490, MmP4xhitsu4J6dDrAs7afmznotBX4aCu3wR, 500, 3, 486041.31265250, 49.59654535
553, 139954, 139940, 1637135007, MmdDeawW871hi5QfrC1C2E42n8fUKUx4YR7, 500, 3, 486541.31265250, 49.59654535
554, 140072, 140058, 1637138819, MmhSY9MqgESatu6sVBRgVoCkkeTM9dMw4ur, 0.09, 3, 486541.40265250, 0.00892737
555, 141175, 141161, 1637171481, Mmc3SKqDmGZqaKLdUYE6S6ufkJsorX4wf6U, 1000, 3, 487541.40265250, 99.19309071
556, 142441, 142427, 1637209558, Mmh3xZsFpXr2w5kuy6WQdEyUimQnhqDvHKs, 2000, 3, 489541.40265250, 198.38618142
557, 142469, 142455, 1637210476, MmcHgekuBRYxMHKKici6Wo9FxbBukhjvXsN, 63, 3, 489604.40265250, 6.24916471
558, 142492, 142478, 1637211111, MmTQUTeB4BMT1YSiBZTYzsXamAhMetrjqqF, 45, 3, 489649.40265250, 4.46368908
559, 142506, 142492, 1637211433, MmN3naE5eGGaveXQxvgWs3mnwDvSegyUeey, 1000, 3, 490649.40265250, 99.19309071
560, 143652, 143637, 1637246893, MmRovVyMfB5diuUNaLNVZYpH98jkpG574ye, 25, 3, 490674.40265250, 2.47982726
561, 145386, 145370, 1637299084, MmUoK7TCKdzfZLNGZggxaMhDdhuDs4w6Gdf, 501, 2, 491175.40265250, 33.13049229
562, 145390, 145374, 1637299208, MmbQssY1M8xcgJRdXM5pB8CJXJhGLCJh7fk, 500, 2, 491675.40265250, 33.06436357
563, 145400, 145384, 1637299369, MmbQssY1M8xcgJRdXM5pB8CJXJhGLCJh7fk, 500, 2, 492175.40265250, 33.06436357
564, 145489, 145473, 1637302357, MmN3naE5eGGaveXQxvgWs3mnwDvSegyUeey, 1000, 2, 493175.40265250, 66.12872714
565, 146174, 146157, 1637322407, MmaJ2tfSchbPCks8sGZDnp2fsKhmfNEJQCm, 3.84, 2, 493179.24265250, 0.25393431
566, 146593, 146576, 1637335090, MmWTpvy4CCGsJrqMx4jquAz4sTiyZ3deDiE, 3500, 2, 496679.24265250, 231.45054500
567, 147556, 147538, 1637364018, MmXVh9DwBGxDKjrm7pSCNxS7V61wDeeNBGG, 499.5, 2, 497178.74265250, 33.03129920
568, 147811, 147792, 1637371625, MmecJbb7kuyfrBqMiU5ReLbNAT5VmSs4Ma3, 500, 2, 497678.74265250, 33.06436357
569, 148056, 148037, 1637379198, MmRovVyMfB5diuUNaLNVZYpH98jkpG574ye, 50, 2, 497728.74265250, 3.30643635
570, 148123, 148104, 1637381362, MmdeKjB16Y6Z3A5JyD4CFU3ciVDMk4CXt1J, 2000, 2, 499728.74265250, 132.25745428
571, 148194, 148175, 1637383551, MmdeKjB16Y6Z3A5JyD4CFU3ciVDMk4CXt1J, 500, 2, 500228.74265250, 33.06436357
572, 148356, 148333, 1637387684, MmRE1R5jU7u6vFb8CwULBDVrZwM8Mrt3X8T, 16, 2, 500244.74265250, 1.05805963
573, 148397, 148374, 1637388669, MmLephTaokmymR9ug7eH5JohRdNw4uXiie6, 501, 2, 500745.74265250, 33.13049229
574, 148444, 148421, 1637390365, MmecJbb7kuyfrBqMiU5ReLbNAT5VmSs4Ma3, 500, 2, 501245.74265250, 33.06436357
575, 148774, 148750, 1637400724, MmbWS3CimuWwveKfhToxEMyUdHHjbXgSFvb, 500, 2, 501745.74265250, 33.06436357
576, 149874, 149850, 1637433389, MmdZ3bookmK6uEwJ7xcsJAR1ghW8VCvX6ae, 8, 2, 501753.74265250, 0.52902981
577, 151252, 151219, 1637474534, MmVka7EtUVq8u8wNqmBor4nBui7SpAUk9Gt, 1500, 2, 503253.74265250, 99.19309071
578, 151280, 151246, 1637475290, MmSBoy37jGkkMTE1sk7L9KfVqrFm8khf71W, 51, 2, 503304.74265250, 3.37256508
579, 151375, 151340, 1637478082, MmKxvwKiG86cCxZ145TEGQkbnfeXi1G7LPY, 500, 2, 503804.74265250, 33.06436357
580, 151494, 151459, 1637481363, MmYoqA6R8uJCEvcJTNo9hs2tscXmLhzGtSe, 500, 2, 504304.74265250, 33.06436357
581, 151503, 151468, 1637481585, MmLBXnZcU36WtiAAgRcwAYKv9Fr5gfmDqSb, 500, 2, 504804.74265250, 33.06436357
582, 151594, 151557, 1637485420, Mmh9B3rUPomvGF5s5wNAU3LHiYRZ4PjnX9S, 499.999, 2, 505304.74165250, 33.06429744
583, 151803, 151764, 1637491002, MmcnmbvX441EdLhxD9SjMnXvhrfJJt1Bx4L, 154, 2, 505458.74165250, 10.18382398
584, 151890, 151850, 1637493522, MmaJ2tfSchbPCks8sGZDnp2fsKhmfNEJQCm, 3, 2, 505461.74165250, 0.19838618
585, 152113, 152069, 1637500312, MmLdQYHXqF89JjAyoaZ5smfYdk8UbKRhEJK, 500.1, 2, 505961.84165250, 33.07097644
586, 153674, 153626, 1637547724, MmRovVyMfB5diuUNaLNVZYpH98jkpG574ye, 50, 2, 506011.84165250, 3.30643635
587, 154146, 154097, 1637561596, MmVka7EtUVq8u8wNqmBor4nBui7SpAUk9Gt, 500, 2, 506511.84165250, 33.06436357
588, 154484, 154435, 1637571713, MmRovVyMfB5diuUNaLNVZYpH98jkpG574ye, 200, 2, 506711.84165250, 13.22574542
589, 155099, 155046, 1637589926, MmXrVxonfgmkk3Pidt7GYmjDvv8K6Qq8zTG, 2000, 2, 508711.84165250, 132.25745428
590, 155131, 155077, 1637590653, MmYZ2kMr3teFLN8JKFrsSPuZN8yyB7brwSB, 130, 2, 508841.84165250, 8.59673452
591, 156543, 156485, 1637633563, MmU1Pq5snhfZtq4WSNLpUpab8awmfjNea44, 500, 2, 509341.84165250, 33.06436357
592, 156559, 156501, 1637634012, MmY6e9yakafdsbtgVUdaZEFkzWrn8B3jpMX, 4999, 2, 514340.84165250, 330.57750698
593, 156770, 156710, 1637640110, MmVYoG5hQ5ANTvSb5y7LpzrXQf2d1e61qQr, 400, 2, 514740.84165250, 26.45149085
594, 156788, 156727, 1637640748, MmQrd3iSHZKryrTnyGfiHQ6xtyjKWTtgpAR, 4999, 2, 519739.84165250, 330.57750698
595, 156827, 156765, 1637641900, MmLQB7g7VsLxo882fL4iEtLTyMrzevoCMQA, 500, 2, 520239.84165250, 33.06436357
596, 156886, 156823, 1637643328, MmSAMyu65oY1vdLMNKxFX5DhZ3RQRmP2fsk, 2000, 2, 522239.84165250, 132.25745428
597, 157002, 156938, 1637647234, MmZYrC2CKGNaUPFy82gueprG1N59WMprH5A, 5000, 2, 527239.84165250, 330.64363571
598, 157026, 156961, 1637647854, MmiFN1oH8urXTencsxWPLCLAAYHTndTczzg, 4000, 2, 531239.84165250, 264.51490857
599, 157035, 156970, 1637648236, MmffLLdETmskgEqGnMoLT9vSkLXXUiKNsNC, 500, 2, 531739.84165250, 33.06436357
600, 157058, 156993, 1637648754, MmVka7EtUVq8u8wNqmBor4nBui7SpAUk9Gt, 500, 2, 532239.84165250, 33.06436357
601, 157073, 157008, 1637649151, MmfvxtLu4JxDSt73L2taDqcPgGTiErCtQcS, 500, 2, 532739.84165250, 33.06436357
602, 157098, 157033, 1637649903, MmaJ2tfSchbPCks8sGZDnp2fsKhmfNEJQCm, 0.009, 2, 532739.85065250, 0.00059515
603, 157158, 157093, 1637651734, MmRw2FxsrWXMiFV8h2QmeMakteJ7jvAz2HB, 500, 2, 533239.85065250, 33.06436357
604, 157593, 157523, 1637664537, MmZv4fpJeoVeRr7S5n34UmZNatLWu1usqem, 500, 2, 533739.85065250, 33.06436357
605, 157630, 157558, 1637665679, MmLaZiwRNbu5SfXYgmHDCJ8SJ8pGPxRMMQY, 500, 2, 534239.85065250, 33.06436357
606, 157641, 157569, 1637666012, MmhJC82kZq3EQxJQCqTwdx1caKg4FJS1XS4, 500, 2, 534739.85065250, 33.06436357
607, 157777, 157705, 1637669983, MmTBXbZ9yTXe9ETRsG2xfyk5NAAabtAWSbR, 1000, 2, 535739.85065250, 66.12872714
608, 157969, 157890, 1637676115, Mmd88VtTy5A3AfxueJtcSV3YQMXfAvb2zvk, 500, 2, 536239.85065250, 33.06436357
609, 158048, 157969, 1637678385, MmUMcjj4J6x5ZzTbvrXDMhgjF2yifMed5gG, 500, 2, 536739.85065250, 33.06436357
610, 158149, 158066, 1637680760, MmaJ2tfSchbPCks8sGZDnp2fsKhmfNEJQCm, 142.259, 2, 536882.10965250, 9.40740659
611, 158187, 158104, 1637681883, MmSPoCHbTsR8VZ7rqgmhRRBrBJeGbUQemw3, 500, 2, 537382.10965250, 33.06436357
612, 158254, 158171, 1637683982, MmSPoCHbTsR8VZ7rqgmhRRBrBJeGbUQemw3, 500, 2, 537882.10965250, 33.06436357
613, 158763, 158678, 1637698889, MmRovVyMfB5diuUNaLNVZYpH98jkpG574ye, 100, 2, 537982.10965250, 6.61287271
614, 159477, 159388, 1637720508, MmL3Uqm518c8drKma4VjmhRkwr6XBqpdzgX, 600, 2, 538582.10965250, 39.67723628
615, 159788, 159697, 1637730308, MmRirryujF3XKkQkh2BUEDui5eVgri6B5B3, 500, 2, 539082.10965250, 33.06436357
616, 159796, 159704, 1637730589, MmWTpvy4CCGsJrqMx4jquAz4sTiyZ3deDiE, 10000, 2, 549082.10965250, 661.28727143
617, 159917, 159821, 1637734075, MmZku2BAYP77uKj63Gms2qdEfeffx8TW5g4, 500, 2, 549582.10965250, 33.06436357
618, 159920, 159823, 1637734110, MmYS3Mwa6bn7Y9E7gscYQX1JKfHMacNM3Dx, 500, 2, 550082.10965250, 33.06436357
619, 159934, 159837, 1637734589, MmXGDKbhzTxGix25EKotC8DPTUcFMvWPxym, 500, 2, 550582.10965250, 33.06436357
620, 159982, 159884, 1637735947, MmXrVxonfgmkk3Pidt7GYmjDvv8K6Qq8zTG, 1000, 2, 551582.10965250, 66.12872714
621, 159987, 159889, 1637736092, MmiFN1oH8urXTencsxWPLCLAAYHTndTczzg, 2000, 2, 553582.10965250, 132.25745428
622, 160250, 160149, 1637743709, MmiLv4mQu85EvJz7Tb6hcMqhJ4VmjFeN4xR, 501, 2, 554083.10965250, 33.13049229
623, 160273, 160172, 1637744323, MmNFV8WgmxHNCTApT2rWYB5bf9YFMPsgQTr, 107, 2, 554190.10965250, 7.07577380
624, 160386, 160284, 1637747636, MmQcg16q1K712MJfpJbFf4tcnmf6AoRFmkr, 499.99, 2, 554690.09965250, 33.06370228
625, 160419, 160317, 1637748577, MmfAukuXYREazeVCDC3cPt3b7Yw9ADHxyuX, 500, 2, 555190.09965250, 33.06436357
626, 160590, 160482, 1637753620, MmLephTaokmymR9ug7eH5JohRdNw4uXiie6, 501, 2, 555691.09965250, 33.13049229
627, 160608, 160500, 1637754027, Mmbgkqx9h6b7abENQwF1aFkAjqtKdDj2TwN, 500, 2, 556191.09965250, 33.06436357
628, 160680, 160570, 1637756087, Mme2S1C6wTwFD4hKoDoKiWhkv64ak3MTRD2, 500, 2, 556691.09965250, 33.06436357
629, 160805, 160693, 1637759970, Mmgihgn5BZE8xDhh61MqKomF7CFLHmDEZQY, 500, 2, 557191.09965250, 33.06436357
630, 161065, 160946, 1637767583, MmXSCZgov3VtpkpSGUkGF5Ezm8viZX8DuZK, 500, 2, 557691.09965250, 33.06436357
631, 161090, 160970, 1637768398, Mmc82hjURu1ZNG9LLDYdug6p3EJdDug2GXf, 1000, 2, 558691.09965250, 66.12872714
632, 162142, 162018, 1637800221, MmR3yfPYwtaWHmAxjSRWP5ymxH4HFtws39K, 1000, 1, 559691.09965250, 33.06436357
633, 162157, 162032, 1637800478, MmTj8G6QyrAJhunACnLJAz1XQahwLYHyuvN, 500, 1, 560191.09965250, 16.53218178
634, 162280, 162155, 1637804118, MmKsfKXaAM1256oVMgkRy2SXZjV5M9U5BU4, 500.5, 1, 560691.59965250, 16.54871396
635, 162384, 162253, 1637806779, MmQHRcP7KmPRci1jNwPZXvNsHdJPuQ14Jbe, 500.5, 1, 561192.09965250, 16.54871396
636, 162446, 162313, 1637808358, MmhtDk5pZsuSWiDys29zcr69A1CG7Foor4t, 500, 1, 561692.09965250, 16.53218178
637, 162530, 162394, 1637811012, MmeC1cvygxTnaYScQ4yx7HMxtu8p8cbtohG, 2505, 1, 564197.09965250, 82.82623074
638, 162543, 162407, 1637811580, MmhJC82kZq3EQxJQCqTwdx1caKg4FJS1XS4, 500, 1, 564697.09965250, 16.53218178
639, 162633, 162493, 1637814459, MmhQFhdgQb5VejLZRvVLTAXGMyM4fpMhJk5, 500, 1, 565197.09965250, 16.53218178
640, 162638, 162496, 1637814563, MmhQFhdgQb5VejLZRvVLTAXGMyM4fpMhJk5, 500, 1, 565697.09965250, 16.53218178
641, 162644, 162502, 1637814849, MmhQFhdgQb5VejLZRvVLTAXGMyM4fpMhJk5, 500, 1, 566197.09965250, 16.53218178
642, 162661, 162519, 1637815272, MmeC1cvygxTnaYScQ4yx7HMxtu8p8cbtohG, 501, 1, 566698.09965250, 16.56524614
643, 162681, 162537, 1637815801, MmeC1cvygxTnaYScQ4yx7HMxtu8p8cbtohG, 501, 1, 567199.09965250, 16.56524614
644, 162723, 162578, 1637816937, MmZku2BAYP77uKj63Gms2qdEfeffx8TW5g4, 500, 1, 567699.09965250, 16.53218178
645, 162736, 162591, 1637817358, MmMsJM5F7AGoG8SM2aNTfJW2zQwE7AFgkbd, 1500, 1, 569199.09965250, 49.59654535
646, 162737, 162592, 1637817429, MmiFN1oH8urXTencsxWPLCLAAYHTndTczzg, 9500, 1, 578699.09965250, 314.11145392
647, 162761, 162615, 1637818091, MmYS3Mwa6bn7Y9E7gscYQX1JKfHMacNM3Dx, 500, 1, 579199.09965250, 16.53218178
648, 162840, 162693, 1637820580, MmXrVxonfgmkk3Pidt7GYmjDvv8K6Qq8zTG, 2000, 1, 581199.09965250, 66.12872714
649, 162842, 162695, 1637820740, MmaXQdHQSMYa1xCgYTvvsvpShbeRP52fz1p, 26, 1, 581225.09965250, 0.85967345
650, 162853, 162706, 1637821093, MmMYyFhPcUtLCTSG11ywRaGq7CXFHp6Y5RX, 1500, 1, 582725.09965250, 49.59654535
651, 162928, 162780, 1637822722, MmPfeotwhUgedX2vCRxYECWKwb7xJJ45AxA, 6499, 1, 589224.09965250, 214.88529885
652, 163248, 163096, 1637832333, MmS3d5HGNuYSJZ8qCixf8tKDGfJRvuw3hLe, 501, 1, 589725.09965250, 16.56524614
653, 163261, 163108, 1637832622, MmTA7j1Jvm9eKpLYXocwKvQsJ9BBp2X8a4j, 700, 1, 590425.09965250, 23.14505450
654, 163595, 163436, 1637842025, MmZN6y9XbwUY1iMcvYGnsbq9xLWTVy2USDY, 500, 1, 590925.09965250, 16.53218178
655, 163604, 163445, 1637842269, Mmc7HHwAkHbourD5PByDShNrnd2sT1CmDNz, 500, 1, 591425.09965250, 16.53218178
656, 163620, 163461, 1637842661, MmZN6y9XbwUY1iMcvYGnsbq9xLWTVy2USDY, 500, 1, 591925.09965250, 16.53218178
657, 163800, 163639, 1637848211, MmiAZpXeVFKjnYMd9EUoah5vbrrCgSF4WZ5, 501, 1, 592426.09965250, 16.56524614
658, 163916, 163754, 1637851595, MmQrd3iSHZKryrTnyGfiHQ6xtyjKWTtgpAR, 20000, 1, 612426.09965250, 661.28727143
659, 163933, 163771, 1637851859, MmQrd3iSHZKryrTnyGfiHQ6xtyjKWTtgpAR, 5000, 1, 617426.09965250, 165.32181785
660, 164060, 163897, 1637855964, MmW1WzbLcFxB8kvTEZnBfBpNbeooWmvg2Lt, 500, 1, 617926.09965250, 16.53218178
661, 164176, 164010, 1637859352, MmVka7EtUVq8u8wNqmBor4nBui7SpAUk9Gt, 1000, 1, 618926.09965250, 33.06436357
662, 164186, 164020, 1637859514, MmdnaBSvJbfhcbmsh59d8udBwWr7h2XDT75, 15, 1, 618941.09965250, 0.49596545
663, 164997, 164831, 1637883920, MmazENqv1mU9sy3C3VgKNUiVKAi2ewyZWiE, 500, 1, 619441.09965250, 16.53218178
664, 165119, 164952, 1637887819, MmfQpEJb412i76PndWTfopU1s2QWhQq1Mic, 1499, 1, 620940.09965250, 49.56348099
665, 165174, 165007, 1637889275, MmRQhCtZEgr1dksnbzHrEP2GVHrqhyb92wG, 200, 1, 621140.09965250, 6.61287271
666, 165302, 165135, 1637893498, MmiAZpXeVFKjnYMd9EUoah5vbrrCgSF4WZ5, 500, 1, 621640.09965250, 16.53218178
667, 165324, 165155, 1637893965, MmiAZpXeVFKjnYMd9EUoah5vbrrCgSF4WZ5, 500, 1, 622140.09965250, 16.53218178
668, 165373, 165204, 1637895123, MmPaMTUje5tP6VW9HRuRZzL4216u9nsWqKU, 1000, 1, 623140.09965250, 33.06436357
669, 165669, 165498, 1637903926, MmXrVxonfgmkk3Pidt7GYmjDvv8K6Qq8zTG, 500, 1, 623640.09965250, 16.53218178
670, 165698, 165526, 1637905129, MmLJ3z2z5uMrvKejdtivNax3kdU81Go1DMP, 1000, 1, 624640.09965250, 33.06436357
671, 165700, 165528, 1637905279, MmWTpvy4CCGsJrqMx4jquAz4sTiyZ3deDiE, 1500, 1, 626140.09965250, 49.59654535
672, 165726, 165552, 1637905963, MmPwQTvvZd9PYVCowuCB13ZGCTFAKRdnKys, 2001, 1, 628141.09965250, 66.16179150
673, 165779, 165604, 1637907894, MmRE1R5jU7u6vFb8CwULBDVrZwM8Mrt3X8T, 283, 1, 628424.09965250, 9.35721489
674, 165897, 165719, 1637910686, MmY41GffRytxtGhtDibBAUd9qk9q9YPcFHg, 1000, 1, 629424.09965250, 33.06436357
675, 165949, 165769, 1637911861, MmLBXnZcU36WtiAAgRcwAYKv9Fr5gfmDqSb, 500, 1, 629924.09965250, 16.53218178
676, 165950, 165770, 1637911873, MmbNAUXfGdhQcXViNAGAtbgDqAQKUHm4FfJ, 500, 1, 630424.09965250, 16.53218178
677, 165982, 165801, 1637912836, MmLBXnZcU36WtiAAgRcwAYKv9Fr5gfmDqSb, 1500, 1, 631924.09965250, 49.59654535
678, 165988, 165806, 1637913010, MmaJqCCsh9V1Q5kzvooasnjQikD5WfFYLuY, 500, 1, 632424.09965250, 16.53218178
679, 166025, 165843, 1637913895, MmaHf7YgjMZD5f98iqPrtTQJaenAYU6hU5C, 200, 1, 632624.09965250, 6.61287271
680, 166432, 166247, 1637926641, MmY6e9yakafdsbtgVUdaZEFkzWrn8B3jpMX, 5000, 1, 637624.09965250, 165.32181785
681, 166487, 166300, 1637927688, MmUmmioxptBBkYgLhBKgPdKJN4ra58FZGQB, 10, 1, 637634.09965250, 0.33064363
682, 166507, 166320, 1637928234, MmcMivpY8AX5gqieDHchQTa5G1qMQr2ZDye, 30, 1, 637664.09965250, 0.99193090
683, 166541, 166354, 1637929123, MmWWaWGbqkF1jnachSEo73unff3qbJJc6oL, 300, 1, 637964.09965250, 9.91930907
684, 166600, 166413, 1637931460, MmcMivpY8AX5gqieDHchQTa5G1qMQr2ZDye, 100, 1, 638064.09965250, 3.30643635
685, 166723, 166534, 1637934899, MmcXsT3NSAyQmmacrBuYtUeMH3pqiYABCpC, 16000, 1, 654064.09965250, 529.02981714
686, 166947, 166757, 1637941722, MmRmiDvE9Rh7uRYjvZGVHaofpbynxDdLLR1, 1001, 1, 655065.09965250, 33.09742793
687, 167025, 166834, 1637943813, MmRmiDvE9Rh7uRYjvZGVHaofpbynxDdLLR1, 501, 1, 655566.09965250, 16.56524614
688, 167875, 167683, 1637969166, MmfSLNd9945yqkBLQVrhtUrdxe74am9tVe3, 927.504, 1, 656493.60365250, 30.66732947
689, 168015, 167822, 1637973858, MmVgphtxfoRUF8u5Nf67Hw7HRxMgCikGj4f, 2000, 1, 658493.60365250, 66.12872714
690, 168247, 168054, 1637980413, MmevNWjetemicBeniyS4gP8HCryPmVqDse1, 99, 1, 658592.60365250, 3.27337199
691, 168266, 168072, 1637981257, Mma84KVNJ1GH79uswDCyc5rUijzbrErD15q, 3057, 1, 661649.60365250, 101.07775943
692, 168503, 168304, 1637988395, MmVka7EtUVq8u8wNqmBor4nBui7SpAUk9Gt, 500, 1, 662149.60365250, 16.53218178
693, 168509, 168310, 1637988506, MmN3naE5eGGaveXQxvgWs3mnwDvSegyUeey, 2000, 1, 664149.60365250, 66.12872714
694, 168909, 168701, 1637999862, MmiFN1oH8urXTencsxWPLCLAAYHTndTczzg, 3500, 1, 667649.60365250, 115.72527250
695, 169409, 169191, 1638014348, MmWTpvy4CCGsJrqMx4jquAz4sTiyZ3deDiE, 500, 1, 668149.60365250, 16.53218178
696, 169611, 169389, 1638020395, Mmh3xZsFpXr2w5kuy6WQdEyUimQnhqDvHKs, 500, 1, 668649.60365250, 16.53218178
697, 170231, 170004, 1638039514, MmPBDu7xuKF5GMjw5dQ1vrtfFZKKSoHw6zQ, 338, 1, 668987.60365250, 11.17575488
698, 170782, 170553, 1638056238, MmaXQdHQSMYa1xCgYTvvsvpShbeRP52fz1p, 154, 1, 669141.60365250, 5.09191199
699, 170876, 170645, 1638058520, MmaXQdHQSMYa1xCgYTvvsvpShbeRP52fz1p, 1, 1, 669142.60365250, 0.03306436
700, 171090, 170857, 1638064836, Mme127pugaMw8dQv5e6EZpPdWiEHqcBfAVQ, 162, 1, 669304.60365250, 5.35642689
701, 171167, 170933, 1638066736, MmRVwekwMTwKRX8CJZted7Qy3t8MkGUs7NP, 500, 1, 669804.60365250, 16.53218178
702, 171183, 170949, 1638067145, MmRVwekwMTwKRX8CJZted7Qy3t8MkGUs7NP, 500, 1, 670304.60365250, 16.53218178
703, 171261, 171026, 1638069861, MmWgKrQS1gWPempAVfqBZpUwxCkPF4jsEps, 100, 1, 670404.60365250, 3.30643635
704, 171567, 171327, 1638079135, MmiFN1oH8urXTencsxWPLCLAAYHTndTczzg, 1500, 1, 671904.60365250, 49.59654535
705, 171750, 171508, 1638085105, MmcRuyxwEhepu1BxMqmXGtNwQynWjAfKXHY, 100, 1, 672004.60365250, 3.30643635
706, 172719, 172454, 1638113708, MmaJ2tfSchbPCks8sGZDnp2fsKhmfNEJQCm, 12.972, 1, 672017.57565250, 0.42891092
707, 173110, 172842, 1638125893, MmQmXr8ke7nHRrpXmeUsGpMHxoC6fmuz4Qz, 21, 1, 672038.57565250, 0.69435163
708, 174114, 173838, 1638155703, MmZmBgsAELGUC1F6wn5jDC6h9HghKCCFphJ, 250, 1, 672288.57565250, 8.26609089
709, 174368, 174087, 1638163202, MmTTG8NT2oL4k9Gq62qWqn2G7fTf1RfU1LC, 199.999, 1, 672488.57465250, 6.61283964
710, 174540, 174251, 1638167895, MmYidnSV5tdnZPQLy99SqTUUbJZePjjh4Xf, 500, 1, 672988.57465250, 16.53218178
711, 174762, 174452, 1638173947, MmRkXg5qgLu2CcjKVLSvEHWY29FmY3iAkAM, 1000, 1, 673988.57465250, 33.06436357
712, 174964, 174651, 1638179631, Mmf59mjLdrTwe4nAxtoyyKsyg8feQ54koys, 1500, 1, 675488.57465250, 49.59654535
713, 175230, 174902, 1638187512, MmhLSAhKQTAnmKUG6MrAEtn3MJS1JHCcww4, 500, 1, 675988.57465250, 16.53218178
714, 175395, 175067, 1638192116, MmfjeaNYhXw41HSCWM4MukFKhfYYhsUe86S, 500.145, 1, 676488.71965250, 16.53697611
715, 175396, 175068, 1638192129, Mmet4yK7mcjgxSauQN9cwvuYQJsVAJ2dkJb, 500, 1, 676988.71965250, 16.53218178
716, 175558, 175228, 1638196813, Mmi5a8ogNZX95X7sArxmPtL3nQHmE5q7vQR, 5, 1, 676993.71965250, 0.16532181
717, 176727, 176384, 1638232196, MmcMivpY8AX5gqieDHchQTa5G1qMQr2ZDye, 21.62, 1, 677015.33965250, 0.71485154
718, 176889, 176542, 1638236707, MmPasNFu2h1zKTs4oDLauPq1FKv9pkKDgdY, 400, 1, 677415.33965250, 13.22574542
719, 177219, 176857, 1638246358, Mmf6Ez1qWZtnfLjcDKFdom8URzcchgMBcnZ, 280, 1, 677695.33965250, 9.25802180
720, 177265, 176899, 1638247353, MmNSmWkZHzoXTnPgKFe5qvRZjuCS6aXkPaY, 30, 1, 677725.33965250, 0.99193090
721, 177273, 176905, 1638247475, MmRoZpTtobGMyGSYd6mckwrou4s9YLbCdDG, 100, 1, 677825.33965250, 3.30643635
722, 177719, 177340, 1638260718, MmXjyb94rT7uh5Yyh3snB9iTpx6UndmGPsc, 45, 1, 677870.33965250, 1.48789636
723, 178134, 177708, 1638270844, MmPnWZw83eqTZ3CHkSp2HpDkFC8eRkPVvbd, 500, 1, 678370.33965250, 16.53218178
724, 178143, 177717, 1638271102, MmcnmbvX441EdLhxD9SjMnXvhrfJJt1Bx4L, 120, 1, 678490.33965250, 3.96772362
725, 180235, 179655, 1638329821, MmdR4wFRXWCRbfAkTaNjk1vYSVLHwmSdhX5, 6, 1, 678496.33965250, 0.19838618
726, 180464, 179861, 1638336280, MmL5sQcDmhnPFEF2disKuEVLtcyM7M8goWb, 1500, 1, 679996.33965250, 49.59654535
727, 180545, 179932, 1638338395, MmfBgxzmosTSJekNYzQ9x85qed7FgT1AFYt, 5, 1, 680001.33965250, 0.16532181
