Number, Order, Height, Timestamp, Address, Amount(Meer), TimeWeight, TotalLockAmount(Meer), profit(Meer)
1, 3369, 3365, 1633005748, Mmf93CE9Cvvf3chYYn1okcBFB22u5wH2dyg, 1000, 5, 1000.00000000, 147.60226130
2, 41827, 41814, 1634166087, Mmh8noAj4bQLe7wyKmsBSfWKtFgfuZPB6TD, 7000, 5, 8000.00000000, 1033.21582916
3, 41873, 41860, 1634167440, Mmh8noAj4bQLe7wyKmsBSfWKtFgfuZPB6TD, 6500, 5, 14500.00000000, 959.41469850
4, 42334, 42321, 1634181398, Mmh8noAj4bQLe7wyKmsBSfWKtFgfuZPB6TD, 1500, 5, 16000.00000000, 221.40339196
5, 42338, 42325, 1634181506, Mmh8noAj4bQLe7wyKmsBSfWKtFgfuZPB6TD, 1000, 5, 17000.00000000, 147.60226130
6, 42345, 42332, 1634181684, Mmh8noAj4bQLe7wyKmsBSfWKtFgfuZPB6TD, 1500, 5, 18500.00000000, 221.40339196
7, 42355, 42342, 1634181870, Mmh8noAj4bQLe7wyKmsBSfWKtFgfuZPB6TD, 17500, 5, 36000.00000000, 2583.03957290
8, 42363, 42350, 1634182015, Mmh8noAj4bQLe7wyKmsBSfWKtFgfuZPB6TD, 5000, 5, 41000.00000000, 738.01130654
9, 42380, 42367, 1634182262, Mmh8noAj4bQLe7wyKmsBSfWKtFgfuZPB6TD, 1500, 5, 42500.00000000, 221.40339196
10, 42760, 42747, 1634194225, MmRddd3hfCfvrYmFe1uYxzJ7cpKDFQDLNbC, 5000, 5, 47500.00000000, 738.01130654
11, 43893, 43880, 1634227912, MmRddd3hfCfvrYmFe1uYxzJ7cpKDFQDLNbC, 1500, 5, 49000.00000000, 221.40339196
12, 43898, 43885, 1634228200, MmRddd3hfCfvrYmFe1uYxzJ7cpKDFQDLNbC, 2000, 5, 51000.00000000, 295.20452261
13, 45919, 45906, 1634288684, Mmg746Tp5gyHZvpi4kdETv8A6Z7NtbEPn2z, 1, 5, 51001.00000000, 0.14760226
14, 48515, 48502, 1634366991, MmRddd3hfCfvrYmFe1uYxzJ7cpKDFQDLNbC, 3500, 5, 54501.00000000, 516.60791458
15, 48518, 48505, 1634367086, MmRddd3hfCfvrYmFe1uYxzJ7cpKDFQDLNbC, 1000, 5, 55501.00000000, 147.60226130
16, 51139, 51126, 1634446603, MmRddd3hfCfvrYmFe1uYxzJ7cpKDFQDLNbC, 2000, 5, 57501.00000000, 295.20452261
17, 53678, 53665, 1634523086, MmfSJEAoDbjFzvSZoVVEuCtTCiuxm6QBCeR, 108, 5, 57609.00000000, 15.94104422
18, 54104, 54091, 1634536557, Mmh8noAj4bQLe7wyKmsBSfWKtFgfuZPB6TD, 5000, 5, 62609.00000000, 738.01130654
19, 57687, 57674, 1634644142, MmLu9DUDSaLT34vA8GCBimPmFHiCn77Ti7k, 500, 5, 63109.00000000, 73.80113065
20, 57720, 57707, 1634645078, MmgQBFaZbmUxP5KjFYewb6NdWhgdj3nbtn2, 900, 5, 64009.00000000, 132.84203517
21, 57723, 57710, 1634645172, MmRDnoBFpGV6cH1TyJetvVwxqDfpoas2uFD, 0.5, 5, 64009.50000000, 0.07380113
22, 57777, 57764, 1634646781, Mmbyn3QvdrQZChT2QNbaZQxNFccpToz2inE, 1000, 5, 65009.50000000, 147.60226130
23, 59586, 59573, 1634700976, MmdJaFV2ajr64kAL4V1Qt9txHrX2yg5fzNL, 990, 5, 65999.50000000, 146.12623869
24, 59747, 59734, 1634706533, MmbBhxR9DNsTAxSb9fkeza31LSpVt6p8kba, 10000, 5, 75999.50000000, 1476.02261309
25, 59802, 59789, 1634708108, MmYUU3KcFHXXe6Z415WLYH31rko6b1eh4wS, 1000, 5, 76999.50000000, 147.60226130
26, 59806, 59793, 1634708213, MmTvX6LJRRhLVdj6x6bzwejf5Yk2CbqtjR1, 1000, 5, 77999.50000000, 147.60226130
27, 59825, 59812, 1634708674, MmcXsT3NSAyQmmacrBuYtUeMH3pqiYABCpC, 200, 5, 78199.50000000, 29.52045226
28, 59829, 59816, 1634708832, MmT9wChLYSjadTkGpXpqVCXrdUk5bdh3MEm, 99, 5, 78298.50000000, 14.61262386
29, 59956, 59943, 1634712417, MmKsJGj5vHSFLmmPeMatTiKXMSTagHx3cdE, 10000, 5, 88298.50000000, 1476.02261309
30, 60855, 60842, 1634739944, MmfPRsX5kz6n1dsn7UG18Qjz5sT6JVM4Bzs, 200, 5, 88498.50000000, 29.52045226
31, 61912, 61899, 1634771868, MmWQ154JfrGbFW1KrjPVrPetr7X9DDvToqy, 300, 5, 88798.50000000, 44.28067839
32, 62709, 62696, 1634795866, MmTzk11ShsQi3kYGNbjN3mxkiixKX74MfnW, 500, 5, 89298.50000000, 73.80113065
33, 62738, 62725, 1634796686, MmRovVyMfB5diuUNaLNVZYpH98jkpG574ye, 30, 5, 89328.50000000, 4.42806783
34, 63240, 63227, 1634811748, MmTA7j1Jvm9eKpLYXocwKvQsJ9BBp2X8a4j, 73, 5, 89401.50000000, 10.77496507
35, 63424, 63411, 1634816846, MmTJYKQHZjKkiSCYQPVxMKB8dFzTLfivCxQ, 50, 5, 89451.50000000, 7.38011306
36, 65432, 65419, 1634878107, MmZK62ew7q6LXs8bdrtspTd9z2Dw4mhTs81, 201, 5, 89652.50000000, 29.66805452
37, 66286, 66273, 1634903722, MmNviYQthctB9tmME78AW2nprJCCpqTptw7, 60, 5, 89712.50000000, 8.85613567
38, 66302, 66289, 1634904167, MmTJYKQHZjKkiSCYQPVxMKB8dFzTLfivCxQ, 50, 5, 89762.50000000, 7.38011306
39, 68305, 68292, 1634964081, MmcXsT3NSAyQmmacrBuYtUeMH3pqiYABCpC, 500, 5, 90262.50000000, 73.80113065
40, 71618, 71605, 1635063653, MmheZL6SN8RhzTtLdN4bhK7GXCZCbNmvVyY, 40, 5, 90302.50000000, 5.90409045
41, 71872, 71859, 1635072147, MmgSuw7uHMZves6K5UAE6wL1niMENMxGXge, 1000, 5, 91302.50000000, 147.60226130
42, 71893, 71880, 1635072606, MmgSuw7uHMZves6K5UAE6wL1niMENMxGXge, 999, 5, 92301.50000000, 147.45465904
43, 72385, 72372, 1635086209, MmSVtzp25G3PRsc2VYvJ1baogPHV2aKSG72, 100, 5, 92401.50000000, 14.76022613
44, 72397, 72384, 1635086472, MmQeu2Qij8j37gu3qN21hxgG1k1p4XNFBEe, 300, 5, 92701.50000000, 44.28067839
45, 72600, 72587, 1635092692, MmTQPrthUmF5xbuwNQs4aCKq9AbvuTaAJiC, 0.0007, 5, 92701.50070000, 0.00010332
46, 73501, 73488, 1635120051, MmNCXReEaFeMsFdBtrEqKqB1ryk5QLG7kMv, 1000, 5, 93701.50070000, 147.60226130
47, 74835, 74822, 1635160421, MmbScLjRvv2sxsj8YNkHHRkQfZ6kofKt5Xx, 200, 5, 93901.50070000, 29.52045226
48, 75167, 75154, 1635170461, MmaJ2tfSchbPCks8sGZDnp2fsKhmfNEJQCm, 5, 5, 93906.50070000, 0.73801130
49, 76894, 76881, 1635222774, MmUesAcpTHzDwjkCsMtLRBrPMaEddC32u9o, 1000, 5, 94906.50070000, 147.60226130
50, 76895, 76882, 1635222846, MmSeQzm7byCBQUGPHRfQXwk89B5gq7URoLT, 999, 5, 95905.50070000, 147.45465904
51, 76906, 76893, 1635223179, MmUesAcpTHzDwjkCsMtLRBrPMaEddC32u9o, 1000, 5, 96905.50070000, 147.60226130
52, 76963, 76950, 1635224724, Mmhjd2RwQzbmXzKjvDXNU6Hs4GWWCGhKBYD, 499, 5, 97404.50070000, 73.65352839
53, 78130, 78117, 1635259541, Mme6P5vfTQ2KwuDEwhEHbuBmyCRtCJt9jFi, 1000, 5, 98404.50070000, 147.60226130
54, 79131, 79118, 1635289751, MmS7bQcM6yDKc5UrynFZcN9RxSPiCZLBiFy, 999.9, 5, 99404.40070000, 147.58750108
55, 80196, 80183, 1635321325, MmT1X5ekNjv683YckV8eLwTohr2KmoFHnw9, 671, 5, 100075.40070000, 99.04111733
56, 80908, 80895, 1635343049, MmNL3fqDmxo89C1eMTp5zfWPmmVJG87z32t, 2.999, 5, 100078.39970000, 0.44265918
57, 80988, 80975, 1635345513, MmheZL6SN8RhzTtLdN4bhK7GXCZCbNmvVyY, 10, 5, 100088.39970000, 1.47602261
58, 82478, 82465, 1635390652, MmYkY79iP3zScFZ2jFp5zXTKW7MstRwYmEo, 2.9, 5, 100091.29970000, 0.42804655
59, 82627, 82614, 1635395567, MmbEd9eFQjwRrKprKadaUnMMkg3SYA3eAmV, 30, 5, 100121.29970000, 4.42806783
60, 82632, 82619, 1635395715, MmZb2pxDQtYY5QCD69dx43rM3d5JPdTjbCn, 1266, 5, 101387.29970000, 186.86446281
61, 82638, 82625, 1635395906, MmVYoG5hQ5ANTvSb5y7LpzrXQf2d1e61qQr, 100, 5, 101487.29970000, 14.76022613
62, 82920, 82907, 1635404134, MmWQ154JfrGbFW1KrjPVrPetr7X9DDvToqy, 132.56219685, 5, 101619.86189685, 19.56648001
63, 83021, 83008, 1635407254, Mmbb6ThuS7YMQgNuqWNJnXugBJ47cW9wimK, 500, 5, 102119.86189685, 73.80113065
64, 83087, 83074, 1635409036, Mmbb6ThuS7YMQgNuqWNJnXugBJ47cW9wimK, 500, 5, 102619.86189685, 73.80113065
65, 83699, 83686, 1635427231, Mma84KVNJ1GH79uswDCyc5rUijzbrErD15q, 2500, 5, 105119.86189685, 369.00565327
66, 83770, 83757, 1635429497, MmTJYKQHZjKkiSCYQPVxMKB8dFzTLfivCxQ, 25, 5, 105144.86189685, 3.69005653
67, 83971, 83958, 1635435465, MmMPh1pauGG3k93ZSkgbyEsoM6iEQwowR6o, 1000, 5, 106144.86189685, 147.60226130
68, 84009, 83996, 1635436658, MmMPh1pauGG3k93ZSkgbyEsoM6iEQwowR6o, 999.99, 5, 107144.85189685, 147.60078528
69, 84046, 84033, 1635437444, MmPdHrY5dm1ztqLaFj8Fe2m2PjqR4fF6qg7, 999.99, 5, 108144.84189685, 147.60078528
70, 85538, 85525, 1635483223, Mmf6sxKjvFZnwmjvEFw8D5T1Je1PD5L781y, 500, 5, 108644.84189685, 73.80113065
71, 85581, 85568, 1635484398, MmhfJM7eiW4yCdedhSG3FxZnyMZX8Qus53z, 0.05, 5, 108644.89189685, 0.00738011
72, 85690, 85677, 1635487045, Mmbb6ThuS7YMQgNuqWNJnXugBJ47cW9wimK, 500, 5, 109144.89189685, 73.80113065
73, 85693, 85680, 1635487085, MmiLiuSNEfU1zZjhc3Xnhp9uZwdEMXg5KQK, 501, 5, 109645.89189685, 73.94873291
74, 85762, 85749, 1635489776, MmNKboRciPdpfCWRafpAZ6W6u21ST34ZwmN, 300, 5, 109945.89189685, 44.28067839
75, 85764, 85751, 1635489833, MmchK5bsiUcKMjkuiS48fNjEMSFuu4qYhk8, 999, 5, 110944.89189685, 147.45465904
76, 85907, 85894, 1635493990, MmfFwmZMZpaxRGXC7eeND53W7ogybC7Z36A, 270, 5, 111214.89189685, 39.85261055
77, 85949, 85936, 1635495628, MmT9wChLYSjadTkGpXpqVCXrdUk5bdh3MEm, 87, 5, 111301.89189685, 12.84139673
78, 85965, 85952, 1635495924, MmMP7qSXAUak3SyzEtALtd7HH9FZzNxi6qZ, 1000, 5, 112301.89189685, 147.60226130
79, 86013, 86000, 1635497298, Mmgcn516E1hHsrAwSF65yoBU8nGHaNnwf7n, 2.9, 5, 112304.79189685, 0.42804655
80, 86129, 86116, 1635500538, Mmbyn3QvdrQZChT2QNbaZQxNFccpToz2inE, 1000, 5, 113304.79189685, 147.60226130
81, 86299, 86286, 1635505608, MmUJsXuKDjoj1CFMffgDA5r7ctopJBexYay, 500, 5, 113804.79189685, 73.80113065
82, 86313, 86300, 1635506165, MmVpCRY8HDq5Jm6sTxGUpP2TSkFDrdWHHcG, 500, 5, 114304.79189685, 73.80113065
83, 86346, 86333, 1635507178, MmgiLn3C2pJoHFvJWsekdrFMY7U8et1psKK, 500, 5, 114804.79189685, 73.80113065
84, 86353, 86340, 1635507370, MmMP7qSXAUak3SyzEtALtd7HH9FZzNxi6qZ, 1000, 5, 115804.79189685, 147.60226130
85, 86356, 86343, 1635507413, MmNFLywZ2DbNyyte5mwXEV4EL88yVt9jW3h, 500, 5, 116304.79189685, 73.80113065
86, 86365, 86352, 1635507662, MmXqhp8YxKuqKu88uFZ2F9koB8VQB8PEhWh, 500, 5, 116804.79189685, 73.80113065
87, 86395, 86382, 1635508351, MmVsfChfXVWULSrZUpH5BrZ76uDuQa9Wn5T, 87, 5, 116891.79189685, 12.84139673
88, 86408, 86395, 1635508824, MmTCzei9bE11GR4kZroY8pgXDCSh61VNv1u, 500, 5, 117391.79189685, 73.80113065
89, 86423, 86410, 1635509192, MmSasqB3R1cG3UFQf2vK1z24ueMpQ46gir3, 500, 5, 117891.79189685, 73.80113065
90, 86430, 86417, 1635509419, MmUya7ER51XDK9RxLkNXJWqRCwB5kKbW4nk, 500, 5, 118391.79189685, 73.80113065
91, 87891, 87878, 1635557515, MmdUYVcpbZviqhfmpECjibiahC7D9bhEMpg, 500, 5, 118891.79189685, 73.80113065
92, 88080, 88067, 1635565642, MmfFwmZMZpaxRGXC7eeND53W7ogybC7Z36A, 30, 5, 118921.79189685, 4.42806783
93, 88349, 88336, 1635571853, MmaXQdHQSMYa1xCgYTvvsvpShbeRP52fz1p, 50, 5, 118971.79189685, 7.38011306
94, 88461, 88448, 1635575700, MmdjjVhp5NNfoHmXc9muaywr5FiaswdGfMt, 1000, 5, 119971.79189685, 147.60226130
95, 88496, 88483, 1635576680, Mmc3SKqDmGZqaKLdUYE6S6ufkJsorX4wf6U, 0.008, 5, 119971.79989685, 0.00118081
96, 88593, 88580, 1635579566, MmfJRVdp1ZfhQnV9s1pEnPkeTKP7F41Yzbq, 0.0007, 5, 119971.80059685, 0.00010332
97, 88636, 88623, 1635580864, MmefBoxbSgopsKZgzCfPp7JdbfNki3Kx9Q3, 200, 5, 120171.80059685, 29.52045226
98, 88816, 88803, 1635585649, MmdWkKnHxm8FEmrnqtG2dcmQujBCsYUF55b, 500, 5, 120671.80059685, 73.80113065
99, 88998, 88985, 1635591387, MmTA7j1Jvm9eKpLYXocwKvQsJ9BBp2X8a4j, 1465.75, 5, 122137.55059685, 216.34801451
100, 89141, 89128, 1635593111, MmQKu9HbTos6gD4wR2deErWTXdjR55vM3Sp, 200, 5, 122337.55059685, 29.52045226
101, 89151, 89138, 1635593269, MmXhimpYtVC62sPEHGEipmRct4WUPJab4rK, 200, 5, 122537.55059685, 29.52045226
102, 89234, 89221, 1635595454, MmVxJXWDHgNcu4KexzUmHYKHwm8ZsiR1CcS, 545, 5, 123082.55059685, 80.44323241
103, 89355, 89342, 1635600215, MmMP7qSXAUak3SyzEtALtd7HH9FZzNxi6qZ, 500, 5, 123582.55059685, 73.80113065
104, 89361, 89348, 1635600464, MmYZ2kMr3teFLN8JKFrsSPuZN8yyB7brwSB, 1000, 5, 124582.55059685, 147.60226130
105, 89514, 89501, 1635604621, MmT9wChLYSjadTkGpXpqVCXrdUk5bdh3MEm, 48, 5, 124630.55059685, 7.08490854
106, 89645, 89632, 1635608959, MmSSEfiNUjq6rExgFpyTV93gZ93yWedsry9, 500, 5, 125130.55059685, 73.80113065
107, 89670, 89657, 1635609722, MmSSEfiNUjq6rExgFpyTV93gZ93yWedsry9, 499.9, 5, 125630.45059685, 73.78637042
108, 89676, 89663, 1635609957, MmPrxa2koRxwemeaND52zi3bjemR7zZnT5Q, 7199, 5, 132829.45059685, 1062.58867916
109, 89784, 89771, 1635613053, MmUmmioxptBBkYgLhBKgPdKJN4ra58FZGQB, 1000, 5, 133829.45059685, 147.60226130
110, 89982, 89969, 1635619293, Mmb5rv26dnunUGMTQSMamnUmsyi38QsE8PS, 100, 5, 133929.45059685, 14.76022613
111, 90478, 90465, 1635633726, MmbEd9eFQjwRrKprKadaUnMMkg3SYA3eAmV, 40, 5, 133969.45059685, 5.90409045
112, 90932, 90919, 1635651910, MmZRuWLvoQE8vm9RzEL7UaMKzjeMw3SmWtN, 100, 5, 134069.45059685, 14.76022613
113, 90941, 90928, 1635652221, MmNCfHzG31GbZDS7abUEkbSt137ofFiVJqm, 24, 5, 134093.45059685, 3.54245427
114, 90967, 90954, 1635653050, MmaXQdHQSMYa1xCgYTvvsvpShbeRP52fz1p, 5, 5, 134098.45059685, 0.73801130
115, 91135, 91122, 1635656922, MmRoZpTtobGMyGSYd6mckwrou4s9YLbCdDG, 51, 5, 134149.45059685, 7.52771532
116, 91646, 91633, 1635671697, MmTJYKQHZjKkiSCYQPVxMKB8dFzTLfivCxQ, 25, 5, 134174.45059685, 3.69005653
117, 91770, 91757, 1635675217, MmS8BCLh3FCZcycVnpLF6B5u87EULFxpKpM, 499, 5, 134673.45059685, 73.65352839
118, 91822, 91809, 1635677020, Mma8GTbvXDxMTX4wzQaqHKDDKdS6eHxMSJz, 2.8, 5, 134676.25059685, 0.41328633
119, 91828, 91815, 1635677258, MmL3Uqm518c8drKma4VjmhRkwr6XBqpdzgX, 22.56, 5, 134698.81059685, 3.32990701
120, 92439, 92426, 1635696323, MmcMivpY8AX5gqieDHchQTa5G1qMQr2ZDye, 145.99, 5, 134844.80059685, 21.54845412
121, 92454, 92441, 1635697536, MmdR4wFRXWCRbfAkTaNjk1vYSVLHwmSdhX5, 6, 5, 134850.80059685, 0.88561356
122, 92494, 92481, 1635703173, MmQN1divTo9jFx9cx4yAktQQrnBB9SKqAy2, 0.999, 5, 134851.79959685, 0.14745465
123, 92498, 92485, 1635703317, MmLUPq8HMfz8dk9P28dG86SoVXYjLJ8weGu, 200, 5, 135051.79959685, 29.52045226
124, 93441, 93428, 1635727894, MmQKu9HbTos6gD4wR2deErWTXdjR55vM3Sp, 150, 5, 135201.79959685, 22.14033919
125, 93713, 93700, 1635736361, MmaXQdHQSMYa1xCgYTvvsvpShbeRP52fz1p, 100, 5, 135301.79959685, 14.76022613
126, 93747, 93734, 1635737415, MmheZL6SN8RhzTtLdN4bhK7GXCZCbNmvVyY, 10, 5, 135311.79959685, 1.47602261
127, 94207, 94194, 1635750750, Mmbb6ThuS7YMQgNuqWNJnXugBJ47cW9wimK, 500, 5, 135811.79959685, 73.80113065
128, 94208, 94195, 1635750805, Mmbb6ThuS7YMQgNuqWNJnXugBJ47cW9wimK, 500, 5, 136311.79959685, 73.80113065
129, 94213, 94200, 1635750964, Mmbb6ThuS7YMQgNuqWNJnXugBJ47cW9wimK, 500, 5, 136811.79959685, 73.80113065
130, 94213, 94200, 1635750976, Mmbb6ThuS7YMQgNuqWNJnXugBJ47cW9wimK, 500, 5, 137311.79959685, 73.80113065
131, 94226, 94213, 1635751225, Mmbb6ThuS7YMQgNuqWNJnXugBJ47cW9wimK, 500, 5, 137811.79959685, 73.80113065
132, 94227, 94214, 1635751237, Mmbb6ThuS7YMQgNuqWNJnXugBJ47cW9wimK, 500, 5, 138311.79959685, 73.80113065
133, 94244, 94231, 1635751675, MmaJ2tfSchbPCks8sGZDnp2fsKhmfNEJQCm, 140, 5, 138451.79959685, 20.66431658
134, 94247, 94234, 1635751735, Mmbb6ThuS7YMQgNuqWNJnXugBJ47cW9wimK, 500, 5, 138951.79959685, 73.80113065
135, 94247, 94234, 1635751745, Mmbb6ThuS7YMQgNuqWNJnXugBJ47cW9wimK, 500, 5, 139451.79959685, 73.80113065
136, 94269, 94256, 1635752658, Mmbb6ThuS7YMQgNuqWNJnXugBJ47cW9wimK, 500, 5, 139951.79959685, 73.80113065
137, 94269, 94256, 1635752669, Mmbb6ThuS7YMQgNuqWNJnXugBJ47cW9wimK, 500, 5, 140451.79959685, 73.80113065
138, 94275, 94262, 1635752907, Mmbb6ThuS7YMQgNuqWNJnXugBJ47cW9wimK, 500, 5, 140951.79959685, 73.80113065
139, 94276, 94263, 1635752923, Mmbb6ThuS7YMQgNuqWNJnXugBJ47cW9wimK, 500, 5, 141451.79959685, 73.80113065
140, 94282, 94269, 1635753086, Mmbb6ThuS7YMQgNuqWNJnXugBJ47cW9wimK, 500, 5, 141951.79959685, 73.80113065
141, 94282, 94269, 1635753097, Mmbb6ThuS7YMQgNuqWNJnXugBJ47cW9wimK, 500, 5, 142451.79959685, 73.80113065
142, 94296, 94283, 1635753371, Mmbb6ThuS7YMQgNuqWNJnXugBJ47cW9wimK, 500, 5, 142951.79959685, 73.80113065
143, 94298, 94285, 1635753385, Mmbb6ThuS7YMQgNuqWNJnXugBJ47cW9wimK, 500, 5, 143451.79959685, 73.80113065
144, 94299, 94286, 1635753533, Mmbb6ThuS7YMQgNuqWNJnXugBJ47cW9wimK, 500, 5, 143951.79959685, 73.80113065
145, 94302, 94289, 1635753598, MmUkWYis5XQhkKWhZ4uQPF9B8z5aY3vEAyw, 500, 5, 144451.79959685, 73.80113065
146, 94309, 94296, 1635753715, Mmbb6ThuS7YMQgNuqWNJnXugBJ47cW9wimK, 500, 5, 144951.79959685, 73.80113065
147, 94309, 94296, 1635753725, Mmbb6ThuS7YMQgNuqWNJnXugBJ47cW9wimK, 500, 5, 145451.79959685, 73.80113065
148, 94316, 94303, 1635753845, Mmbb6ThuS7YMQgNuqWNJnXugBJ47cW9wimK, 500, 5, 145951.79959685, 73.80113065
149, 94316, 94303, 1635753855, Mmbb6ThuS7YMQgNuqWNJnXugBJ47cW9wimK, 500, 5, 146451.79959685, 73.80113065
150, 94324, 94311, 1635754011, Mmbb6ThuS7YMQgNuqWNJnXugBJ47cW9wimK, 500, 5, 146951.79959685, 73.80113065
151, 94324, 94311, 1635754023, Mmbb6ThuS7YMQgNuqWNJnXugBJ47cW9wimK, 500, 5, 147451.79959685, 73.80113065
152, 94328, 94315, 1635754171, Mmbb6ThuS7YMQgNuqWNJnXugBJ47cW9wimK, 500, 5, 147951.79959685, 73.80113065
153, 94328, 94315, 1635754181, Mmbb6ThuS7YMQgNuqWNJnXugBJ47cW9wimK, 500, 5, 148451.79959685, 73.80113065
154, 94333, 94320, 1635754267, Mmbb6ThuS7YMQgNuqWNJnXugBJ47cW9wimK, 500, 5, 148951.79959685, 73.80113065
155, 94334, 94321, 1635754277, Mmbb6ThuS7YMQgNuqWNJnXugBJ47cW9wimK, 500, 5, 149451.79959685, 73.80113065
156, 94340, 94327, 1635754452, Mmbb6ThuS7YMQgNuqWNJnXugBJ47cW9wimK, 500, 5, 149951.79959685, 73.80113065
157, 94340, 94327, 1635754461, Mmbb6ThuS7YMQgNuqWNJnXugBJ47cW9wimK, 500, 5, 150451.79959685, 73.80113065
158, 94350, 94337, 1635754801, Mmbb6ThuS7YMQgNuqWNJnXugBJ47cW9wimK, 500, 5, 150951.79959685, 73.80113065
159, 94350, 94337, 1635754815, Mmbb6ThuS7YMQgNuqWNJnXugBJ47cW9wimK, 500, 5, 151451.79959685, 73.80113065
160, 94359, 94346, 1635755004, Mmbb6ThuS7YMQgNuqWNJnXugBJ47cW9wimK, 500, 5, 151951.79959685, 73.80113065
161, 94360, 94347, 1635755013, Mmbb6ThuS7YMQgNuqWNJnXugBJ47cW9wimK, 500, 5, 152451.79959685, 73.80113065
162, 94366, 94353, 1635755346, Mmbb6ThuS7YMQgNuqWNJnXugBJ47cW9wimK, 500, 5, 152951.79959685, 73.80113065
163, 94366, 94353, 1635755367, Mmbb6ThuS7YMQgNuqWNJnXugBJ47cW9wimK, 500, 5, 153451.79959685, 73.80113065
164, 94377, 94364, 1635755654, Mmbb6ThuS7YMQgNuqWNJnXugBJ47cW9wimK, 500, 5, 153951.79959685, 73.80113065
165, 94377, 94364, 1635755667, Mmbb6ThuS7YMQgNuqWNJnXugBJ47cW9wimK, 500, 5, 154451.79959685, 73.80113065
166, 94385, 94372, 1635756034, Mmbb6ThuS7YMQgNuqWNJnXugBJ47cW9wimK, 500, 5, 154951.79959685, 73.80113065
167, 94386, 94373, 1635756045, Mmbb6ThuS7YMQgNuqWNJnXugBJ47cW9wimK, 500, 5, 155451.79959685, 73.80113065
168, 94390, 94377, 1635756163, Mmbb6ThuS7YMQgNuqWNJnXugBJ47cW9wimK, 500, 5, 155951.79959685, 73.80113065
169, 94394, 94381, 1635756285, Mmbb6ThuS7YMQgNuqWNJnXugBJ47cW9wimK, 500, 5, 156451.79959685, 73.80113065
170, 94397, 94384, 1635756440, Mmbb6ThuS7YMQgNuqWNJnXugBJ47cW9wimK, 500, 5, 156951.79959685, 73.80113065
171, 94403, 94390, 1635756538, Mmbb6ThuS7YMQgNuqWNJnXugBJ47cW9wimK, 500, 5, 157451.79959685, 73.80113065
172, 94408, 94395, 1635756701, Mmbb6ThuS7YMQgNuqWNJnXugBJ47cW9wimK, 500, 5, 157951.79959685, 73.80113065
173, 94414, 94401, 1635756798, Mmbb6ThuS7YMQgNuqWNJnXugBJ47cW9wimK, 500, 5, 158451.79959685, 73.80113065
174, 94428, 94415, 1635757138, Mmbb6ThuS7YMQgNuqWNJnXugBJ47cW9wimK, 500, 5, 158951.79959685, 73.80113065
175, 94433, 94420, 1635757200, Mmbb6ThuS7YMQgNuqWNJnXugBJ47cW9wimK, 500, 5, 159451.79959685, 73.80113065
176, 94444, 94431, 1635757469, Mmbb6ThuS7YMQgNuqWNJnXugBJ47cW9wimK, 500, 5, 159951.79959685, 73.80113065
177, 94452, 94439, 1635757682, Mmbb6ThuS7YMQgNuqWNJnXugBJ47cW9wimK, 500, 5, 160451.79959685, 73.80113065
178, 94458, 94445, 1635757842, Mmbb6ThuS7YMQgNuqWNJnXugBJ47cW9wimK, 500, 5, 160951.79959685, 73.80113065
179, 94539, 94526, 1635760238, Mmbb6ThuS7YMQgNuqWNJnXugBJ47cW9wimK, 500, 5, 161451.79959685, 73.80113065
180, 94542, 94529, 1635760382, Mmbb6ThuS7YMQgNuqWNJnXugBJ47cW9wimK, 500, 5, 161951.79959685, 73.80113065
181, 94968, 94955, 1635773093, MmgQWnwy8GoyCPeAXCKxf85kqa6Ma4fEvEr, 1000, 5, 162951.79959685, 147.60226130
182, 95004, 94991, 1635773912, MmQ3RFahCMqY56WuUWRcMtePj9tE4VAPnGC, 1000, 5, 163951.79959685, 147.60226130
183, 95007, 94994, 1635774052, MmQKGoz3GPgCEjVJaAiTMa5HEBoRtqEo2Yz, 1000, 5, 164951.79959685, 147.60226130
184, 95148, 95135, 1635778233, MmRovVyMfB5diuUNaLNVZYpH98jkpG574ye, 30, 5, 164981.79959685, 4.42806783
185, 95187, 95174, 1635779430, MmR3yfPYwtaWHmAxjSRWP5ymxH4HFtws39K, 1000, 5, 165981.79959685, 147.60226130
186, 95470, 95457, 1635787701, MmfpuT5r9M8W7HhTGFTZ6qnxH6BSNXqU1EU, 2.998, 5, 165984.79759685, 0.44251157
187, 96481, 96468, 1635818755, MmSonoe37UNPn1bszE1ViF8jUWE5fdnmSLc, 500, 5, 166484.79759685, 73.80113065
188, 96643, 96630, 1635823538, Mmh5rrz6yT73tggL2oZnNusWwvLhDowg5XL, 100, 5, 166584.79759685, 14.76022613
189, 96813, 96800, 1635827575, MmT7r5yRCL16fWSd45iRMpVdfGCnxuyUeyJ, 500, 5, 167084.79759685, 73.80113065
190, 96816, 96803, 1635827619, MmYvVeTLb1VrZdRNYNhNeNZbQ1kzfKmaysU, 500, 5, 167584.79759685, 73.80113065
191, 96838, 96825, 1635828221, MmiS5VAcwrXUQjCNt87mdP9AqCrBPxETBJX, 500, 5, 168084.79759685, 73.80113065
192, 96838, 96825, 1635828274, MmYvVeTLb1VrZdRNYNhNeNZbQ1kzfKmaysU, 500, 5, 168584.79759685, 73.80113065
193, 96839, 96826, 1635828284, MmLUPq8HMfz8dk9P28dG86SoVXYjLJ8weGu, 7, 5, 168591.79759685, 1.03321582
194, 96843, 96830, 1635828377, MmWD2zrdqfSswT3k7XmxNJbGUGckELLTWXG, 500, 5, 169091.79759685, 73.80113065
195, 96848, 96835, 1635828563, Mmi5a8ogNZX95X7sArxmPtL3nQHmE5q7vQR, 6, 5, 169097.79759685, 0.88561356
196, 96853, 96840, 1635828757, MmTbnHEajrDLfZP4r7rMXsZtDXTVPkdkxLc, 500, 5, 169597.79759685, 73.80113065
197, 96868, 96855, 1635829309, Mma8oQrTghRhXjqW7vmazVL1DN3VXRii54Z, 500, 5, 170097.79759685, 73.80113065
198, 96875, 96862, 1635829472, MmVQ7YZzJb9NxeoSw9ENqyr2ZTAFUBNvu97, 500, 5, 170597.79759685, 73.80113065
199, 96878, 96865, 1635829553, MmUqRQctEw9Hmq9ckwxFFz5GHDymEWsMhnR, 500, 5, 171097.79759685, 73.80113065
200, 96880, 96867, 1635829621, MmamA85VnhrDCkkVp2ZjQ1TUWBQA9m1uNzg, 500, 5, 171597.79759685, 73.80113065
201, 96884, 96871, 1635829772, Mmc4rjH2E8zeVQSrURgFhuZYaq6FiyGGL8v, 500, 5, 172097.79759685, 73.80113065
202, 96888, 96875, 1635829907, Mmhyt6kwChVscd8UEGYNCUpSDzsSmHRBEVK, 500, 5, 172597.79759685, 73.80113065
203, 96894, 96881, 1635830044, Mme4SR19hdzMRHdiNEhCvQfLempu5BHexv3, 500, 5, 173097.79759685, 73.80113065
204, 96907, 96894, 1635830471, MmiLiuSNEfU1zZjhc3Xnhp9uZwdEMXg5KQK, 250, 5, 173347.79759685, 36.90056532
205, 96929, 96916, 1635831261, MmNviYQthctB9tmME78AW2nprJCCpqTptw7, 35, 5, 173382.79759685, 5.16607914
206, 96973, 96960, 1635833481, MmNp5WWwnxzZdubjXCL1VtpPV9XvCEwjXgS, 500, 5, 173882.79759685, 73.80113065
207, 96973, 96960, 1635833532, MmazENqv1mU9sy3C3VgKNUiVKAi2ewyZWiE, 500, 5, 174382.79759685, 73.80113065
208, 96978, 96965, 1635833640, MmXh4i1MMSx88c7Ji3upW8EDRkpXsECjK8K, 500, 5, 174882.79759685, 73.80113065
209, 96987, 96974, 1635833764, Mmg4EmpQd8ZNWha6Vp1kkEVgMt5BzEeZTmC, 500, 5, 175382.79759685, 73.80113065
210, 96990, 96977, 1635833891, MmfZNQeEKxhMLHdVYYgzmWBHVfm41m3ic95, 500, 5, 175882.79759685, 73.80113065
211, 96994, 96981, 1635834011, MmecjjbvztF2R3sGsgYhzVmgSABAtKVwJQz, 500, 5, 176382.79759685, 73.80113065
212, 97003, 96990, 1635834162, MmUtALVuXzzFcqz6WHseCdvuvqVbW7bSetR, 500, 5, 176882.79759685, 73.80113065
213, 97005, 96992, 1635834297, MmXQmBMYuMi6i8hR3RFueTc731g5cjVTfys, 500, 5, 177382.79759685, 73.80113065
214, 97007, 96994, 1635834418, MmQNr7iwDbXUwLTXdGcm3Meh5vUrLq5udBs, 500, 5, 177882.79759685, 73.80113065
215, 97009, 96996, 1635834525, MmQEGfKiqrdpvc9pZDxtmvYpArE1bMGioTk, 500, 5, 178382.79759685, 73.80113065
216, 97060, 97047, 1635835832, MmTHTaAMUf6eoTVu4zciFWPDbZuiCCikdJP, 500, 5, 178882.79759685, 73.80113065
217, 97067, 97054, 1635835995, MmYoqjzyE78oK1pywUEatqpRN7cHG8RXhQC, 500, 5, 179382.79759685, 73.80113065
218, 97137, 97124, 1635837669, Mmbmxj4StHhxq23GZnAHynicx76iTu3QGUP, 500, 5, 179882.79759685, 73.80113065
219, 97161, 97148, 1635838388, MmiAAVoJWYqhSZFdftupVsisK8ywzpXS686, 500, 5, 180382.79759685, 73.80113065
220, 97176, 97163, 1635838888, MmQoiYT8KGG1M1SrgRRQnnwDvYD41HXwpqu, 500, 5, 180882.79759685, 73.80113065
221, 97181, 97168, 1635839376, MmQoiYT8KGG1M1SrgRRQnnwDvYD41HXwpqu, 500, 5, 181382.79759685, 73.80113065
222, 97208, 97195, 1635840088, MmLrYiy1SkKE5Q782MhHv8g5ozQK2CofpgP, 500, 5, 181882.79759685, 73.80113065
223, 97230, 97217, 1635840693, Mmb4VA4zgCcRa9Na2zLUngdfhBhhFVb6ADQ, 500, 5, 182382.79759685, 73.80113065
224, 97239, 97226, 1635840896, MmY4uhd68LNShD1wvsXwgSX8zZKXa8dsRLf, 500, 5, 182882.79759685, 73.80113065
225, 97244, 97231, 1635841030, MmiaHcFvAShMhtBiPCNfA9r8Rp22fHGSQXg, 500, 5, 183382.79759685, 73.80113065
226, 97244, 97231, 1635841083, MmiAAVoJWYqhSZFdftupVsisK8ywzpXS686, 500, 5, 183882.79759685, 73.80113065
227, 97249, 97236, 1635841175, MmiAAVoJWYqhSZFdftupVsisK8ywzpXS686, 500, 5, 184382.79759685, 73.80113065
228, 97253, 97240, 1635841293, MmiAAVoJWYqhSZFdftupVsisK8ywzpXS686, 500, 5, 184882.79759685, 73.80113065
229, 97253, 97240, 1635841396, MmQUsgZUqLifCFmvrKKkJkDCtcjowzcNtVe, 500, 5, 185382.79759685, 73.80113065
230, 97262, 97249, 1635841550, MmiAAVoJWYqhSZFdftupVsisK8ywzpXS686, 500, 5, 185882.79759685, 73.80113065
231, 97267, 97254, 1635841727, MmiAAVoJWYqhSZFdftupVsisK8ywzpXS686, 500, 5, 186382.79759685, 73.80113065
232, 97270, 97257, 1635841961, MmiAAVoJWYqhSZFdftupVsisK8ywzpXS686, 500, 5, 186882.79759685, 73.80113065
233, 97346, 97333, 1635844424, MmTEtuob7DGWa42uFMiWT86JnUCjxdq5jdX, 500, 5, 187382.79759685, 73.80113065
234, 97353, 97340, 1635844671, MmTEtuob7DGWa42uFMiWT86JnUCjxdq5jdX, 500, 5, 187882.79759685, 73.80113065
235, 97373, 97360, 1635845185, MmU3SWHCn1qsNAkxVeGSD67sLxxWjRj7a42, 500, 5, 188382.79759685, 73.80113065
236, 97381, 97368, 1635845539, MmYxji4HAcVefkJJYCGLDv5sCpLh1AHtkGt, 500, 5, 188882.79759685, 73.80113065
237, 97802, 97789, 1635857339, MmNVt2Gs5yxFq8X38forKxrJwJ5RgDGjw5Z, 500, 5, 189382.79759685, 73.80113065
238, 97810, 97797, 1635857549, MmR5XgCwR5BkMHMRENPrVih7eYx4QwPpATL, 500, 5, 189882.79759685, 73.80113065
239, 97814, 97801, 1635857776, MmRovVyMfB5diuUNaLNVZYpH98jkpG574ye, 20, 5, 189902.79759685, 2.95204522
240, 97996, 97983, 1635863146, Mmdhq6FjRPwqhCs9kmaUqZMmWpHc4Ue9szz, 300, 5, 190202.79759685, 44.28067839
241, 98011, 97998, 1635863693, MmaJ2tfSchbPCks8sGZDnp2fsKhmfNEJQCm, 42, 5, 190244.79759685, 6.19929497
242, 98054, 98041, 1635864831, MmgqGwJDqApf8ssxoSiQAnB5XCWXQ2DxjMv, 500, 5, 190744.79759685, 73.80113065
243, 98062, 98049, 1635865110, MmgqGwJDqApf8ssxoSiQAnB5XCWXQ2DxjMv, 500, 5, 191244.79759685, 73.80113065
244, 98073, 98060, 1635865527, MmgqGwJDqApf8ssxoSiQAnB5XCWXQ2DxjMv, 500, 5, 191744.79759685, 73.80113065
245, 98076, 98063, 1635865761, MmgqGwJDqApf8ssxoSiQAnB5XCWXQ2DxjMv, 500, 5, 192244.79759685, 73.80113065
246, 98080, 98067, 1635865975, MmgqGwJDqApf8ssxoSiQAnB5XCWXQ2DxjMv, 500, 5, 192744.79759685, 73.80113065
247, 98086, 98073, 1635866266, MmgqGwJDqApf8ssxoSiQAnB5XCWXQ2DxjMv, 500, 5, 193244.79759685, 73.80113065
248, 98097, 98084, 1635866653, MmgqGwJDqApf8ssxoSiQAnB5XCWXQ2DxjMv, 500, 5, 193744.79759685, 73.80113065
249, 98110, 98097, 1635867013, MmgqGwJDqApf8ssxoSiQAnB5XCWXQ2DxjMv, 500, 5, 194244.79759685, 73.80113065
250, 98133, 98120, 1635867811, MmgqGwJDqApf8ssxoSiQAnB5XCWXQ2DxjMv, 500, 5, 194744.79759685, 73.80113065
251, 98149, 98136, 1635868146, MmgqGwJDqApf8ssxoSiQAnB5XCWXQ2DxjMv, 500, 5, 195244.79759685, 73.80113065
252, 98193, 98180, 1635869295, MmgqGwJDqApf8ssxoSiQAnB5XCWXQ2DxjMv, 500, 5, 195744.79759685, 73.80113065
253, 98199, 98186, 1635869576, MmgqGwJDqApf8ssxoSiQAnB5XCWXQ2DxjMv, 500, 5, 196244.79759685, 73.80113065
254, 98210, 98197, 1635869956, MmgqGwJDqApf8ssxoSiQAnB5XCWXQ2DxjMv, 500, 5, 196744.79759685, 73.80113065
255, 99523, 99510, 1635909013, MmgqGwJDqApf8ssxoSiQAnB5XCWXQ2DxjMv, 500, 5, 197244.79759685, 73.80113065
256, 99534, 99521, 1635909195, MmgqGwJDqApf8ssxoSiQAnB5XCWXQ2DxjMv, 500, 5, 197744.79759685, 73.80113065
257, 99620, 99607, 1635912401, MmgqGwJDqApf8ssxoSiQAnB5XCWXQ2DxjMv, 500, 5, 198244.79759685, 73.80113065
258, 99630, 99617, 1635912781, MmgqGwJDqApf8ssxoSiQAnB5XCWXQ2DxjMv, 500, 5, 198744.79759685, 73.80113065
259, 99704, 99691, 1635915139, MmgqGwJDqApf8ssxoSiQAnB5XCWXQ2DxjMv, 500, 5, 199244.79759685, 73.80113065
260, 99717, 99704, 1635915355, MmgqGwJDqApf8ssxoSiQAnB5XCWXQ2DxjMv, 500, 5, 199744.79759685, 73.80113065
261, 99720, 99707, 1635915444, MmgqGwJDqApf8ssxoSiQAnB5XCWXQ2DxjMv, 500, 5, 200244.79759685, 73.80113065
262, 99723, 99710, 1635915544, MmgqGwJDqApf8ssxoSiQAnB5XCWXQ2DxjMv, 500, 5, 200744.79759685, 73.80113065
263, 100018, 100005, 1635924140, MmgqGwJDqApf8ssxoSiQAnB5XCWXQ2DxjMv, 500, 5, 201244.79759685, 73.80113065
264, 100056, 100043, 1635925169, MmgqGwJDqApf8ssxoSiQAnB5XCWXQ2DxjMv, 500, 5, 201744.79759685, 73.80113065
265, 100062, 100049, 1635925288, MmgqGwJDqApf8ssxoSiQAnB5XCWXQ2DxjMv, 500, 5, 202244.79759685, 73.80113065
266, 100066, 100053, 1635925433, MmgqGwJDqApf8ssxoSiQAnB5XCWXQ2DxjMv, 500, 5, 202744.79759685, 73.80113065
267, 100070, 100057, 1635925484, MmgqGwJDqApf8ssxoSiQAnB5XCWXQ2DxjMv, 500, 5, 203244.79759685, 73.80113065
268, 100073, 100060, 1635925648, MmaDjUH9RQCyARN8ZPzwCD1M7LeiPaJKxyZ, 500, 5, 203744.79759685, 73.80113065
269, 100078, 100065, 1635925799, MmgqGwJDqApf8ssxoSiQAnB5XCWXQ2DxjMv, 500, 5, 204244.79759685, 73.80113065
270, 100085, 100072, 1635926030, MmcB41Kdxwv186efNTA9tV4VAoVSqCva21i, 500, 5, 204744.79759685, 73.80113065
271, 100089, 100076, 1635926162, MmcB41Kdxwv186efNTA9tV4VAoVSqCva21i, 500, 5, 205244.79759685, 73.80113065
272, 100090, 100077, 1635926284, MmXKJEuizboekaF7q7gh3boTCCdRZCNpB7L, 500, 5, 205744.79759685, 73.80113065
273, 100093, 100080, 1635926379, MmcB41Kdxwv186efNTA9tV4VAoVSqCva21i, 500, 5, 206244.79759685, 73.80113065
274, 100103, 100090, 1635926542, MmcB41Kdxwv186efNTA9tV4VAoVSqCva21i, 500, 5, 206744.79759685, 73.80113065
275, 100107, 100094, 1635926639, MmXKJEuizboekaF7q7gh3boTCCdRZCNpB7L, 500, 5, 207244.79759685, 73.80113065
276, 100109, 100096, 1635926691, MmcB41Kdxwv186efNTA9tV4VAoVSqCva21i, 500, 5, 207744.79759685, 73.80113065
277, 100113, 100100, 1635926768, MmXKJEuizboekaF7q7gh3boTCCdRZCNpB7L, 500, 5, 208244.79759685, 73.80113065
278, 100113, 100100, 1635926791, MmgqGwJDqApf8ssxoSiQAnB5XCWXQ2DxjMv, 500, 5, 208744.79759685, 73.80113065
279, 100114, 100101, 1635926826, MmcB41Kdxwv186efNTA9tV4VAoVSqCva21i, 500, 5, 209244.79759685, 73.80113065
280, 100118, 100105, 1635926930, MmXKJEuizboekaF7q7gh3boTCCdRZCNpB7L, 500, 5, 209744.79759685, 73.80113065
281, 100118, 100105, 1635926936, MmgqGwJDqApf8ssxoSiQAnB5XCWXQ2DxjMv, 500, 5, 210244.79759685, 73.80113065
282, 100121, 100108, 1635926987, MmcB41Kdxwv186efNTA9tV4VAoVSqCva21i, 500, 5, 210744.79759685, 73.80113065
283, 100123, 100110, 1635927039, MmXKJEuizboekaF7q7gh3boTCCdRZCNpB7L, 500, 5, 211244.79759685, 73.80113065
284, 100123, 100110, 1635927040, MmgqGwJDqApf8ssxoSiQAnB5XCWXQ2DxjMv, 500, 5, 211744.79759685, 73.80113065
285, 100126, 100113, 1635927167, MmgqGwJDqApf8ssxoSiQAnB5XCWXQ2DxjMv, 500, 5, 212244.79759685, 73.80113065
286, 100127, 100114, 1635927200, Mmbb6ThuS7YMQgNuqWNJnXugBJ47cW9wimK, 500, 5, 212744.79759685, 73.80113065
287, 100134, 100121, 1635927371, Mmbb6ThuS7YMQgNuqWNJnXugBJ47cW9wimK, 500, 5, 213244.79759685, 73.80113065
288, 100134, 100121, 1635927421, MmXKJEuizboekaF7q7gh3boTCCdRZCNpB7L, 500, 5, 213744.79759685, 73.80113065
289, 100136, 100123, 1635927497, MmcB41Kdxwv186efNTA9tV4VAoVSqCva21i, 500, 5, 214244.79759685, 73.80113065
290, 100137, 100124, 1635927555, MmXKJEuizboekaF7q7gh3boTCCdRZCNpB7L, 500, 5, 214744.79759685, 73.80113065
291, 100140, 100127, 1635927601, MmcB41Kdxwv186efNTA9tV4VAoVSqCva21i, 500, 5, 215244.79759685, 73.80113065
292, 100143, 100130, 1635927663, MmXKJEuizboekaF7q7gh3boTCCdRZCNpB7L, 500, 5, 215744.79759685, 73.80113065
293, 100144, 100131, 1635927725, MmcB41Kdxwv186efNTA9tV4VAoVSqCva21i, 500, 5, 216244.79759685, 73.80113065
294, 100144, 100131, 1635927729, Mmbb6ThuS7YMQgNuqWNJnXugBJ47cW9wimK, 500, 5, 216744.79759685, 73.80113065
295, 100146, 100133, 1635927831, MmXKJEuizboekaF7q7gh3boTCCdRZCNpB7L, 500, 5, 217244.79759685, 73.80113065
296, 100154, 100141, 1635928023, MmgqGwJDqApf8ssxoSiQAnB5XCWXQ2DxjMv, 500, 5, 217744.79759685, 73.80113065
297, 100158, 100145, 1635928145, MmXKJEuizboekaF7q7gh3boTCCdRZCNpB7L, 500, 5, 218244.79759685, 73.80113065
298, 100161, 100148, 1635928319, MmXKJEuizboekaF7q7gh3boTCCdRZCNpB7L, 500, 5, 218744.79759685, 73.80113065
299, 100164, 100151, 1635928386, MmXKJEuizboekaF7q7gh3boTCCdRZCNpB7L, 500, 5, 219244.79759685, 73.80113065
300, 100167, 100154, 1635928426, MmXKJEuizboekaF7q7gh3boTCCdRZCNpB7L, 500, 5, 219744.79759685, 73.80113065
301, 100170, 100157, 1635928488, MmXKJEuizboekaF7q7gh3boTCCdRZCNpB7L, 500, 5, 220244.79759685, 73.80113065
302, 100174, 100161, 1635928581, MmXKJEuizboekaF7q7gh3boTCCdRZCNpB7L, 500, 5, 220744.79759685, 73.80113065
303, 100177, 100164, 1635928642, MmXKJEuizboekaF7q7gh3boTCCdRZCNpB7L, 500, 5, 221244.79759685, 73.80113065
304, 100178, 100165, 1635928763, MmgqGwJDqApf8ssxoSiQAnB5XCWXQ2DxjMv, 500, 5, 221744.79759685, 73.80113065
305, 100180, 100167, 1635928817, MmXKJEuizboekaF7q7gh3boTCCdRZCNpB7L, 500, 5, 222244.79759685, 73.80113065
306, 100180, 100167, 1635928948, MmgqGwJDqApf8ssxoSiQAnB5XCWXQ2DxjMv, 500, 5, 222744.79759685, 73.80113065
307, 100187, 100174, 1635929142, MmXKJEuizboekaF7q7gh3boTCCdRZCNpB7L, 500, 5, 223244.79759685, 73.80113065
308, 100191, 100178, 1635929281, MmXKJEuizboekaF7q7gh3boTCCdRZCNpB7L, 500, 5, 223744.79759685, 73.80113065
309, 100195, 100182, 1635929344, MmXKJEuizboekaF7q7gh3boTCCdRZCNpB7L, 500, 5, 224244.79759685, 73.80113065
310, 100199, 100186, 1635929441, MmXKJEuizboekaF7q7gh3boTCCdRZCNpB7L, 500, 5, 224744.79759685, 73.80113065
311, 100199, 100186, 1635929466, MmgqGwJDqApf8ssxoSiQAnB5XCWXQ2DxjMv, 500, 5, 225244.79759685, 73.80113065
312, 100202, 100189, 1635929587, MmgqGwJDqApf8ssxoSiQAnB5XCWXQ2DxjMv, 500, 5, 225744.79759685, 73.80113065
313, 100203, 100190, 1635929634, MmXKJEuizboekaF7q7gh3boTCCdRZCNpB7L, 500, 5, 226244.79759685, 73.80113065
314, 100206, 100193, 1635929803, MmXKJEuizboekaF7q7gh3boTCCdRZCNpB7L, 500, 5, 226744.79759685, 73.80113065
315, 100211, 100198, 1635929887, MmgqGwJDqApf8ssxoSiQAnB5XCWXQ2DxjMv, 500, 5, 227244.79759685, 73.80113065
316, 100212, 100199, 1635929903, MmXKJEuizboekaF7q7gh3boTCCdRZCNpB7L, 500, 5, 227744.79759685, 73.80113065
317, 100216, 100203, 1635930026, MmXKJEuizboekaF7q7gh3boTCCdRZCNpB7L, 500, 5, 228244.79759685, 73.80113065
318, 100220, 100207, 1635930087, MmXKJEuizboekaF7q7gh3boTCCdRZCNpB7L, 500, 5, 228744.79759685, 73.80113065
319, 100225, 100212, 1635930161, MmXKJEuizboekaF7q7gh3boTCCdRZCNpB7L, 500, 5, 229244.79759685, 73.80113065
320, 100230, 100217, 1635930242, MmXKJEuizboekaF7q7gh3boTCCdRZCNpB7L, 500, 5, 229744.79759685, 73.80113065
321, 100232, 100219, 1635930284, MmgqGwJDqApf8ssxoSiQAnB5XCWXQ2DxjMv, 500, 5, 230244.79759685, 73.80113065
322, 100233, 100220, 1635930415, MmXKJEuizboekaF7q7gh3boTCCdRZCNpB7L, 500, 5, 230744.79759685, 73.80113065
323, 100235, 100222, 1635930462, MmKu8QYx8ZXypfSFpi2d2GdGiXwPx7KbRav, 500, 5, 231244.79759685, 73.80113065
324, 100235, 100222, 1635930467, MmgqGwJDqApf8ssxoSiQAnB5XCWXQ2DxjMv, 500, 5, 231744.79759685, 73.80113065
325, 100236, 100223, 1635930486, MmXKJEuizboekaF7q7gh3boTCCdRZCNpB7L, 500, 5, 232244.79759685, 73.80113065
326, 100237, 100224, 1635930552, MmgqGwJDqApf8ssxoSiQAnB5XCWXQ2DxjMv, 500, 5, 232744.79759685, 73.80113065
327, 100237, 100224, 1635930593, MmKu8QYx8ZXypfSFpi2d2GdGiXwPx7KbRav, 500, 5, 233244.79759685, 73.80113065
328, 100240, 100227, 1635930640, MmXKJEuizboekaF7q7gh3boTCCdRZCNpB7L, 500, 5, 233744.79759685, 73.80113065
329, 100241, 100228, 1635930699, MmgqGwJDqApf8ssxoSiQAnB5XCWXQ2DxjMv, 500, 5, 234244.79759685, 73.80113065
330, 100244, 100231, 1635930776, MmXKJEuizboekaF7q7gh3boTCCdRZCNpB7L, 500, 5, 234744.79759685, 73.80113065
331, 100245, 100232, 1635930795, MmgqGwJDqApf8ssxoSiQAnB5XCWXQ2DxjMv, 500, 5, 235244.79759685, 73.80113065
332, 100248, 100235, 1635930850, MmgqGwJDqApf8ssxoSiQAnB5XCWXQ2DxjMv, 500, 5, 235744.79759685, 73.80113065
333, 100248, 100235, 1635930859, MmXKJEuizboekaF7q7gh3boTCCdRZCNpB7L, 500, 5, 236244.79759685, 73.80113065
334, 100254, 100241, 1635930976, MmXKJEuizboekaF7q7gh3boTCCdRZCNpB7L, 500, 5, 236744.79759685, 73.80113065
335, 100254, 100241, 1635930977, MmgqGwJDqApf8ssxoSiQAnB5XCWXQ2DxjMv, 500, 5, 237244.79759685, 73.80113065
336, 100257, 100244, 1635931128, MmXKJEuizboekaF7q7gh3boTCCdRZCNpB7L, 500, 5, 237744.79759685, 73.80113065
337, 100258, 100245, 1635931161, MmgqGwJDqApf8ssxoSiQAnB5XCWXQ2DxjMv, 500, 5, 238244.79759685, 73.80113065
338, 100260, 100247, 1635931230, MmXKJEuizboekaF7q7gh3boTCCdRZCNpB7L, 500, 5, 238744.79759685, 73.80113065
339, 100266, 100253, 1635931349, MmXKJEuizboekaF7q7gh3boTCCdRZCNpB7L, 500, 5, 239244.79759685, 73.80113065
340, 100266, 100253, 1635931358, MmgqGwJDqApf8ssxoSiQAnB5XCWXQ2DxjMv, 500, 5, 239744.79759685, 73.80113065
341, 100275, 100262, 1635931513, MmgqGwJDqApf8ssxoSiQAnB5XCWXQ2DxjMv, 500, 5, 240244.79759685, 73.80113065
342, 100275, 100262, 1635931525, MmXKJEuizboekaF7q7gh3boTCCdRZCNpB7L, 500, 5, 240744.79759685, 73.80113065
343, 100279, 100266, 1635931635, MmgqGwJDqApf8ssxoSiQAnB5XCWXQ2DxjMv, 500, 5, 241244.79759685, 73.80113065
344, 100282, 100269, 1635931735, MmgqGwJDqApf8ssxoSiQAnB5XCWXQ2DxjMv, 500, 5, 241744.79759685, 73.80113065
345, 100282, 100269, 1635931746, MmXKJEuizboekaF7q7gh3boTCCdRZCNpB7L, 500, 5, 242244.79759685, 73.80113065
346, 100285, 100272, 1635932072, MmXKJEuizboekaF7q7gh3boTCCdRZCNpB7L, 500, 5, 242744.79759685, 73.80113065
347, 100288, 100275, 1635932176, MmXKJEuizboekaF7q7gh3boTCCdRZCNpB7L, 500, 5, 243244.79759685, 73.80113065
348, 100293, 100280, 1635932299, MmXKJEuizboekaF7q7gh3boTCCdRZCNpB7L, 500, 5, 243744.79759685, 73.80113065
349, 100298, 100285, 1635932385, MmXKJEuizboekaF7q7gh3boTCCdRZCNpB7L, 500, 5, 244244.79759685, 73.80113065
350, 100302, 100289, 1635932444, MmXKJEuizboekaF7q7gh3boTCCdRZCNpB7L, 500, 5, 244744.79759685, 73.80113065
351, 100306, 100293, 1635932517, MmXKJEuizboekaF7q7gh3boTCCdRZCNpB7L, 500, 5, 245244.79759685, 73.80113065
352, 100309, 100296, 1635932589, MmgqGwJDqApf8ssxoSiQAnB5XCWXQ2DxjMv, 500, 5, 245744.79759685, 73.80113065
353, 100309, 100296, 1635932607, MmXKJEuizboekaF7q7gh3boTCCdRZCNpB7L, 500, 5, 246244.79759685, 73.80113065
354, 100313, 100300, 1635932677, MmXKJEuizboekaF7q7gh3boTCCdRZCNpB7L, 500, 5, 246744.79759685, 73.80113065
355, 100316, 100303, 1635932778, MmXKJEuizboekaF7q7gh3boTCCdRZCNpB7L, 500, 5, 247244.79759685, 73.80113065
356, 100320, 100307, 1635932909, MmXKJEuizboekaF7q7gh3boTCCdRZCNpB7L, 500, 5, 247744.79759685, 73.80113065
357, 100632, 100619, 1635942175, MmaJ2tfSchbPCks8sGZDnp2fsKhmfNEJQCm, 92.66, 5, 247837.45759685, 13.67682553
358, 100686, 100673, 1635944102, MmRxoD9f57jDexnzoYXB8wQDZ5BiB2Y5J4e, 150, 5, 247987.45759685, 22.14033919
359, 100824, 100811, 1635948183, MmNrPVYV8aCERBhDJ2UPk39S6jVeRb8Dpxw, 500, 5, 248487.45759685, 73.80113065
360, 100827, 100814, 1635948278, MmNrPVYV8aCERBhDJ2UPk39S6jVeRb8Dpxw, 500, 5, 248987.45759685, 73.80113065
361, 100910, 100897, 1635950898, MmXNioLDgmWcjGR2FjCVLv17HvQTsqictGV, 0.99, 5, 248988.44759685, 0.14612623
362, 100955, 100942, 1635952185, Mmd1atJj7xbG6HsA4SB4fqsU54hfw67VeWu, 10000, 5, 258988.44759685, 1476.02261309
363, 100977, 100964, 1635952778, MmbMXBGVU68AVnSaCKu4RSmZHahH1sqeKF1, 500, 5, 259488.44759685, 73.80113065
364, 100981, 100968, 1635952871, MmbMXBGVU68AVnSaCKu4RSmZHahH1sqeKF1, 500, 5, 259988.44759685, 73.80113065
365, 102168, 102155, 1635994898, MmRE1R5jU7u6vFb8CwULBDVrZwM8Mrt3X8T, 21, 5, 260009.44759685, 3.09964748
366, 102248, 102235, 1635997233, Mmgmf7nWgTWcSdxhtrTXfoTJjGZVRBg7uBY, 500, 5, 260509.44759685, 73.80113065
367, 102378, 102365, 1636001096, MmiLiuSNEfU1zZjhc3Xnhp9uZwdEMXg5KQK, 50, 5, 260559.44759685, 7.38011306
368, 102645, 102632, 1636009909, MmUFNHBNQ6JXdgZDoAfjniHarzYXRJW5SP2, 500, 5, 261059.44759685, 73.80113065
369, 102664, 102651, 1636010364, MmVxJXWDHgNcu4KexzUmHYKHwm8ZsiR1CcS, 97, 5, 261156.44759685, 14.31741934
370, 102669, 102656, 1636010521, MmS1hCt1617UvYxzaYudhoRrCj197ri92sh, 500, 5, 261656.44759685, 73.80113065
371, 103006, 102993, 1636020967, MmheZL6SN8RhzTtLdN4bhK7GXCZCbNmvVyY, 205, 5, 261861.44759685, 30.25846356
372, 103257, 103244, 1636028394, Mmbb6ThuS7YMQgNuqWNJnXugBJ47cW9wimK, 500, 5, 262361.44759685, 73.80113065
373, 103402, 103389, 1636032950, MmWcNTNtqVU5b7LTQ4F4zPQESPsc5tRtMAd, 500, 5, 262861.44759685, 73.80113065
374, 103404, 103391, 1636033012, MmWcNTNtqVU5b7LTQ4F4zPQESPsc5tRtMAd, 500, 5, 263361.44759685, 73.80113065
375, 103407, 103394, 1636033101, MmWcNTNtqVU5b7LTQ4F4zPQESPsc5tRtMAd, 500, 5, 263861.44759685, 73.80113065
376, 103415, 103402, 1636033301, MmWcNTNtqVU5b7LTQ4F4zPQESPsc5tRtMAd, 500, 5, 264361.44759685, 73.80113065
377, 103417, 103404, 1636033462, MmWcNTNtqVU5b7LTQ4F4zPQESPsc5tRtMAd, 500, 5, 264861.44759685, 73.80113065
378, 103423, 103410, 1636033718, MmWcNTNtqVU5b7LTQ4F4zPQESPsc5tRtMAd, 500, 5, 265361.44759685, 73.80113065
379, 103429, 103416, 1636033851, MmWcNTNtqVU5b7LTQ4F4zPQESPsc5tRtMAd, 500, 5, 265861.44759685, 73.80113065
380, 103431, 103418, 1636033980, MmWcNTNtqVU5b7LTQ4F4zPQESPsc5tRtMAd, 500, 5, 266361.44759685, 73.80113065
381, 103554, 103541, 1636036710, MmPfeotwhUgedX2vCRxYECWKwb7xJJ45AxA, 10000, 5, 276361.44759685, 1476.02261309
382, 103840, 103827, 1636045786, MmRXbvWJUU3aJna3UkPw5HYjBbnk897Pg7B, 824, 5, 277185.44759685, 121.62426331
383, 104685, 104672, 1636070998, MmcMivpY8AX5gqieDHchQTa5G1qMQr2ZDye, 155, 5, 277340.44759685, 22.87835050
384, 104825, 104812, 1636075254, MmYZ2kMr3teFLN8JKFrsSPuZN8yyB7brwSB, 800, 5, 278140.44759685, 118.08180904
385, 104851, 104838, 1636076129, MmaHf7YgjMZD5f98iqPrtTQJaenAYU6hU5C, 450, 5, 278590.44759685, 66.42101758
386, 105260, 105247, 1636088013, MmPvAv9SWqpAWxLN91pbXGfYj5UR6oGom7p, 2.9, 5, 278593.34759685, 0.42804655
387, 105405, 105392, 1636093132, Mmbb6ThuS7YMQgNuqWNJnXugBJ47cW9wimK, 500, 5, 279093.34759685, 73.80113065
388, 105536, 105523, 1636096626, MmXD9xB8EXPTJkjYmZU24YsZGE3Jx6xFtbk, 500, 5, 279593.34759685, 73.80113065
389, 105549, 105536, 1636096957, MmM1TA7tdQ6c1D3Ba3wGtqZjRRFJ9VNG7PR, 8, 5, 279601.34759685, 1.18081809
390, 105648, 105635, 1636100246, Mmd74khJy7VezEBVf4WCRReCjnZ9TNNBj42, 3.2, 5, 279604.54759685, 0.47232723
391, 105708, 105695, 1636102273, MmXD9xB8EXPTJkjYmZU24YsZGE3Jx6xFtbk, 500, 5, 280104.54759685, 73.80113065
392, 105715, 105702, 1636102481, MmXD9xB8EXPTJkjYmZU24YsZGE3Jx6xFtbk, 500, 5, 280604.54759685, 73.80113065
393, 105964, 105951, 1636109346, MmgwnFVpwJrf86eQpWB6L3xrVfWfuLREffM, 300, 5, 280904.54759685, 44.28067839
394, 105997, 105984, 1636110557, MmYZ2kMr3teFLN8JKFrsSPuZN8yyB7brwSB, 200, 5, 281104.54759685, 29.52045226
395, 106096, 106083, 1636113584, MmKsJGj5vHSFLmmPeMatTiKXMSTagHx3cdE, 1000, 5, 282104.54759685, 147.60226130
396, 106136, 106123, 1636115040, MmaXQdHQSMYa1xCgYTvvsvpShbeRP52fz1p, 50, 5, 282154.54759685, 7.38011306
397, 107520, 107507, 1636156736, MmgQWnwy8GoyCPeAXCKxf85kqa6Ma4fEvEr, 500, 5, 282654.54759685, 73.80113065
398, 107525, 107512, 1636156813, MmaHf7YgjMZD5f98iqPrtTQJaenAYU6hU5C, 200, 5, 282854.54759685, 29.52045226
399, 108512, 108499, 1636185896, MmRoZpTtobGMyGSYd6mckwrou4s9YLbCdDG, 150, 4, 283004.54759685, 17.71227135
400, 108590, 108577, 1636188388, MmfpuT5r9M8W7HhTGFTZ6qnxH6BSNXqU1EU, 0.0016, 4, 283004.54919685, 0.00018893
401, 108998, 108985, 1636201480, Mmef8RgJvePP9JxGcfjfTQJNwXnfDabkgkF, 500, 4, 283504.54919685, 59.04090452
402, 109197, 109184, 1636207299, MmNkqvsAXgRhqZat549yoDzFxeFjYc1AEhE, 150, 4, 283654.54919685, 17.71227135
403, 110511, 110498, 1636252434, MmYZmCD5WojVusAfFsnBs4SLVQjuJKikoNW, 120, 4, 283774.54919685, 14.16981708
404, 110785, 110772, 1636259130, MmeFghBWDyhubEVV7guZQ7fhjajf3uZCYWd, 500, 4, 284274.54919685, 59.04090452
405, 110792, 110779, 1636259514, MmNp5WWwnxzZdubjXCL1VtpPV9XvCEwjXgS, 500, 4, 284774.54919685, 59.04090452
406, 110995, 110982, 1636266389, MmS7bQcM6yDKc5UrynFZcN9RxSPiCZLBiFy, 1990, 4, 286764.54919685, 234.98280000
407, 110996, 110983, 1636266489, MmRQhCtZEgr1dksnbzHrEP2GVHrqhyb92wG, 93.5, 4, 286858.04919685, 11.04064914
408, 111140, 111127, 1636270418, Mmc3MkrVoineowDWv36rNhtdWDJsQJLuaJh, 500, 4, 287358.04919685, 59.04090452
409, 111150, 111137, 1636270630, Mmc3MkrVoineowDWv36rNhtdWDJsQJLuaJh, 500, 4, 287858.04919685, 59.04090452
410, 111161, 111148, 1636270806, Mmc3MkrVoineowDWv36rNhtdWDJsQJLuaJh, 500, 4, 288358.04919685, 59.04090452
411, 111566, 111553, 1636283380, MmNviYQthctB9tmME78AW2nprJCCpqTptw7, 17.9, 4, 288375.94919685, 2.11366438
412, 111569, 111556, 1636283501, Mmb5rv26dnunUGMTQSMamnUmsyi38QsE8PS, 49.9, 4, 288425.84919685, 5.89228227
413, 111629, 111616, 1636284187, MmRovVyMfB5diuUNaLNVZYpH98jkpG574ye, 50, 4, 288475.84919685, 5.90409045
414, 111695, 111682, 1636284744, MmXD9xB8EXPTJkjYmZU24YsZGE3Jx6xFtbk, 500, 4, 288975.84919685, 59.04090452
415, 111717, 111704, 1636284920, MmXD9xB8EXPTJkjYmZU24YsZGE3Jx6xFtbk, 500, 4, 289475.84919685, 59.04090452
416, 111759, 111746, 1636285717, MmTfnpTMKSSkD3zX1MDZvPn2krAimwrUaGU, 500, 4, 289975.84919685, 59.04090452
417, 111827, 111814, 1636288156, MmNCXReEaFeMsFdBtrEqKqB1ryk5QLG7kMv, 199, 4, 290174.84919685, 23.49828000
418, 111943, 111930, 1636292583, Mmgnrb8vBzPsnmTLd3PTQgN7bFxRXFskJ5A, 500, 4, 290674.84919685, 59.04090452
419, 111958, 111945, 1636293082, MmUNGG8XbE8QiTxLrHG3wH8ufHE1uaq4vLo, 500, 4, 291174.84919685, 59.04090452
420, 111972, 111959, 1636293550, MmhyW3AFqXJhktW3LY5PLZvys62a3gFURZ9, 500, 4, 291674.84919685, 59.04090452
421, 111985, 111972, 1636294081, MmSeAzrsq7AZbNRLCyGpX7ia62LtABzCkdN, 500, 4, 292174.84919685, 59.04090452
422, 112083, 112070, 1636296708, MmTSDuyqymEweB6McfWiGuLr9pTA22R9iNh, 500, 4, 292674.84919685, 59.04090452
423, 112250, 112237, 1636301303, MmMX79yZb4AY2WKSHLABbeu6Rd1GTwyfHTa, 500, 4, 293174.84919685, 59.04090452
424, 112258, 112245, 1636301757, MmMX79yZb4AY2WKSHLABbeu6Rd1GTwyfHTa, 500, 4, 293674.84919685, 59.04090452
425, 112260, 112247, 1636301830, Mma9iCuPWVxMsxBWr7e28ncdd3y5C77b9qH, 500, 4, 294174.84919685, 59.04090452
426, 112265, 112252, 1636301921, MmMX79yZb4AY2WKSHLABbeu6Rd1GTwyfHTa, 500, 4, 294674.84919685, 59.04090452
427, 112265, 112252, 1636301961, Mma9iCuPWVxMsxBWr7e28ncdd3y5C77b9qH, 500, 4, 295174.84919685, 59.04090452
428, 112308, 112295, 1636303376, MmbapGvorVeAHVFdqeST9xHpMQHzpWjhKot, 500, 4, 295674.84919685, 59.04090452
429, 112330, 112317, 1636303924, MmgQBFaZbmUxP5KjFYewb6NdWhgdj3nbtn2, 4000, 4, 299674.84919685, 472.32723618
430, 113276, 113263, 1636331962, MmYZmCD5WojVusAfFsnBs4SLVQjuJKikoNW, 180, 4, 299854.84919685, 21.25472562
431, 113338, 113325, 1636334391, MmbapGvorVeAHVFdqeST9xHpMQHzpWjhKot, 500, 4, 300354.84919685, 59.04090452
432, 113396, 113383, 1636336407, Mmhjd2RwQzbmXzKjvDXNU6Hs4GWWCGhKBYD, 150, 4, 300504.84919685, 17.71227135
433, 113498, 113485, 1636339559, MmfLUATJWbPVedtnFwK7tWbPfEnw1aChKth, 999, 4, 301503.84919685, 117.96372723
434, 113558, 113545, 1636341312, MmYPHbLXMsu5bxUZu2C1sSSwvSgAdhtE4zn, 500, 4, 302003.84919685, 59.04090452
435, 113656, 113643, 1636344170, MmYPHbLXMsu5bxUZu2C1sSSwvSgAdhtE4zn, 500, 4, 302503.84919685, 59.04090452
436, 113891, 113878, 1636351371, Mme3f8HFTPTdzF9hMhqxCEnrrSogEbr5mii, 999, 4, 303502.84919685, 117.96372723
437, 114005, 113992, 1636353913, MmKu8QYx8ZXypfSFpi2d2GdGiXwPx7KbRav, 500, 4, 304002.84919685, 59.04090452
438, 114015, 114002, 1636354356, MmbapGvorVeAHVFdqeST9xHpMQHzpWjhKot, 500, 4, 304502.84919685, 59.04090452
439, 114016, 114003, 1636354390, MmbapGvorVeAHVFdqeST9xHpMQHzpWjhKot, 500, 4, 305002.84919685, 59.04090452
440, 114018, 114005, 1636354548, MmbapGvorVeAHVFdqeST9xHpMQHzpWjhKot, 500, 4, 305502.84919685, 59.04090452
441, 114034, 114021, 1636355318, MmbapGvorVeAHVFdqeST9xHpMQHzpWjhKot, 500, 4, 306002.84919685, 59.04090452
442, 114034, 114021, 1636355336, MmSeAzrsq7AZbNRLCyGpX7ia62LtABzCkdN, 500, 4, 306502.84919685, 59.04090452
443, 114037, 114024, 1636355417, MmSeAzrsq7AZbNRLCyGpX7ia62LtABzCkdN, 500, 4, 307002.84919685, 59.04090452
444, 114038, 114025, 1636355420, MmbapGvorVeAHVFdqeST9xHpMQHzpWjhKot, 500, 4, 307502.84919685, 59.04090452
445, 114040, 114027, 1636355471, MmSeAzrsq7AZbNRLCyGpX7ia62LtABzCkdN, 500, 4, 308002.84919685, 59.04090452
446, 114044, 114031, 1636355756, MmSeAzrsq7AZbNRLCyGpX7ia62LtABzCkdN, 500, 4, 308502.84919685, 59.04090452
447, 114091, 114078, 1636357024, Mmd1atJj7xbG6HsA4SB4fqsU54hfw67VeWu, 5000, 4, 313502.84919685, 590.40904523
448, 114212, 114199, 1636360727, MmSdATycX4Eyrewm6RJya1LsW419U6L6jcQ, 500, 4, 314002.84919685, 59.04090452
449, 114224, 114211, 1636360990, MmdXJyjyuC2bVewhWc9AzueHmbe5zyQZDSf, 500, 4, 314502.84919685, 59.04090452
450, 114242, 114229, 1636361432, MmfhXqcMAg14pPGggLSsdY3coxJcuXukibx, 500, 4, 315002.84919685, 59.04090452
451, 114377, 114364, 1636365559, MmetVANCwBYNd358njZ2mFnaGp4TwxxUr5B, 12000, 4, 327002.84919685, 1416.98170856
452, 114433, 114420, 1636367092, MmLaZiwRNbu5SfXYgmHDCJ8SJ8pGPxRMMQY, 500, 4, 327502.84919685, 59.04090452
453, 114877, 114864, 1636380727, MmUVAFTxGyqkmtYy6xAuYMdbpn34XW5kYu8, 2500, 4, 330002.84919685, 295.20452261
454, 114894, 114881, 1636381294, MmUVAFTxGyqkmtYy6xAuYMdbpn34XW5kYu8, 2500, 4, 332502.84919685, 295.20452261
455, 114937, 114924, 1636382916, MmchK5bsiUcKMjkuiS48fNjEMSFuu4qYhk8, 1000, 4, 333502.84919685, 118.08180904
456, 115644, 115631, 1636403469, MmaQLR8hdA2t4Qi61pKjyg3qfkFdZGKxwbF, 1000, 4, 334502.84919685, 118.08180904
457, 116479, 116466, 1636429033, Mmb9eumCF7g1HYPELyzGqRgFtRQDSTQEtLE, 500, 4, 335002.84919685, 59.04090452
458, 116663, 116650, 1636435048, MmMBQgaLjR12yC82yNKPd38JbAHq7m38Ufk, 2, 4, 335004.84919685, 0.23616361
459, 116689, 116676, 1636435502, MmZK62ew7q6LXs8bdrtspTd9z2Dw4mhTs81, 500, 4, 335504.84919685, 59.04090452
460, 116773, 116760, 1636437762, MmMZFPMZ3KYMzj6EXQjckQvKqz3SC6t4vDF, 1000, 4, 336504.84919685, 118.08180904
461, 116788, 116775, 1636438315, MmihjseezJqz2xYXMTBPShCLCwT548a5fCW, 500, 4, 337004.84919685, 59.04090452
462, 116819, 116806, 1636439230, MmgD1zM2C8L1BYjT28vwmnY5tcKnbiizZ2s, 500, 4, 337504.84919685, 59.04090452
463, 116838, 116825, 1636439684, MmQYRSrYbXhaJjWwT8cNbaWCFA7Zx7tvCw2, 500, 4, 338004.84919685, 59.04090452
464, 116866, 116853, 1636440466, MmcNZAwABy8NZ6nHxwtWe9mMQHSvMKPGqPb, 500, 4, 338504.84919685, 59.04090452
465, 116890, 116877, 1636440996, Mmfp528tz23TKqfahM8rmk28sMKJL5m2UPv, 500, 4, 339004.84919685, 59.04090452
466, 116891, 116878, 1636441016, MmYjPdMrUMgNHoDAvPgeHy6k4hPSsmzE9fu, 500, 4, 339504.84919685, 59.04090452
467, 116909, 116896, 1636441566, MmUqFmNhWQKybC5xs61nhVeT5Ua5Fo37Y4h, 500, 4, 340004.84919685, 59.04090452
468, 116914, 116901, 1636441692, Mmfw72xj4V59DkC1L26CSfvim3W8YAfT9hE, 500, 4, 340504.84919685, 59.04090452
469, 116926, 116913, 1636442003, MmSzMKwSs28y8mRtht9udDvaLoWCevCQnLo, 500, 4, 341004.84919685, 59.04090452
470, 116958, 116945, 1636443056, MmMii9fc1qb4CFydWXpCNDKkNWFrmtapyqv, 500, 4, 341504.84919685, 59.04090452
471, 116962, 116949, 1636443225, MmMii9fc1qb4CFydWXpCNDKkNWFrmtapyqv, 500, 4, 342004.84919685, 59.04090452
472, 116979, 116966, 1636443842, MmdN6hRY3WyTHFoHrCc1e9uNRtdahNbKjXX, 500, 4, 342504.84919685, 59.04090452
473, 116989, 116976, 1636444263, MmaKGQFRQff5N3jF7E8Gexy773uU9A6cKo4, 500, 4, 343004.84919685, 59.04090452
474, 117147, 117134, 1636449057, MmRMxYypQvoJNadTtSXmVJz47k2T9G9MeWt, 500, 4, 343504.84919685, 59.04090452
475, 117148, 117135, 1636449119, MmiJzXoLvoBZiiwMtWLbN2grHRZykRWyzNq, 2000, 4, 345504.84919685, 236.16361809
476, 117149, 117136, 1636449238, MmWvmcoqFNRgSGPKUhy2ArPHgqDuPqmkhT7, 6, 4, 345510.84919685, 0.70849085
477, 117154, 117141, 1636449372, MmNCc9pCgZ1RKUg4E6yVGLNKYY3GsUdH3KA, 500, 4, 346010.84919685, 59.04090452
478, 117191, 117178, 1636450470, MmbapGvorVeAHVFdqeST9xHpMQHzpWjhKot, 500, 4, 346510.84919685, 59.04090452
479, 117194, 117181, 1636450552, MmbapGvorVeAHVFdqeST9xHpMQHzpWjhKot, 500, 4, 347010.84919685, 59.04090452
480, 117198, 117185, 1636450731, MmbapGvorVeAHVFdqeST9xHpMQHzpWjhKot, 500, 4, 347510.84919685, 59.04090452
481, 117201, 117188, 1636450909, MmbapGvorVeAHVFdqeST9xHpMQHzpWjhKot, 500, 4, 348010.84919685, 59.04090452
482, 117316, 117303, 1636454136, MmLihmY8LDoABtLzFGSVNDGVAvbm6FdUCCc, 500, 4, 348510.84919685, 59.04090452
483, 117326, 117313, 1636454383, MmLihmY8LDoABtLzFGSVNDGVAvbm6FdUCCc, 500, 4, 349010.84919685, 59.04090452
484, 117333, 117320, 1636454617, MmLihmY8LDoABtLzFGSVNDGVAvbm6FdUCCc, 500, 4, 349510.84919685, 59.04090452
485, 117340, 117327, 1636454765, MmKu8QYx8ZXypfSFpi2d2GdGiXwPx7KbRav, 500, 4, 350010.84919685, 59.04090452
486, 117498, 117485, 1636459530, MmTg2sJHXUg6EXiMqJgwEFapLah6grQKxMq, 13, 4, 350023.84919685, 1.53506351
487, 117524, 117511, 1636460308, MmdUt3quMgwKJ2Kve36ZGqru2VMyoD5bfzF, 2500, 4, 352523.84919685, 295.20452261
488, 117598, 117585, 1636462500, MmVpkKnsvasQPf3QLWdLc8J2cfdn5sSy6Mu, 999.9998, 4, 353523.84899685, 118.08178543
489, 117663, 117650, 1636464058, MmfxNemhsimHBATF2wsFwRtySg7VFUy66GM, 500, 4, 354023.84899685, 59.04090452
490, 117670, 117657, 1636464419, MmgtESEAbkfDGt6mjGYzoaNcx8PDbzkw38G, 500, 4, 354523.84899685, 59.04090452
491, 117739, 117726, 1636466623, MmchK5bsiUcKMjkuiS48fNjEMSFuu4qYhk8, 1000, 4, 355523.84899685, 118.08180904
492, 118660, 118647, 1636494818, MmKrZYhGab9UxhB8S31k9FjAyuJTPC91z1V, 0.2, 4, 355524.04899685, 0.02361636
493, 118834, 118821, 1636499161, MmcMivpY8AX5gqieDHchQTa5G1qMQr2ZDye, 110, 4, 355634.04899685, 12.98899899
494, 118861, 118848, 1636500468, MmYQFbQWjazdmGzjTwr1qa6FfTtfdJb2e47, 200, 4, 355834.04899685, 23.61636180
495, 118929, 118916, 1636503031, MmR28JLe2KSDKLKJQG6g8YBciuAhuh4HNyy, 70.728, 4, 355904.77699685, 8.35169019
496, 119321, 119308, 1636513866, MmcRuyxwEhepu1BxMqmXGtNwQynWjAfKXHY, 200, 4, 356104.77699685, 23.61636180
497, 119326, 119313, 1636514171, Mmhjd2RwQzbmXzKjvDXNU6Hs4GWWCGhKBYD, 0.99, 4, 356105.76699685, 0.11690099
498, 119517, 119504, 1636519938, MmfMDdLdxycAeUUpQmo6bC2it7aM5tCeEcE, 43000, 4, 399105.76699685, 5077.51778903
499, 119726, 119713, 1636526280, MmX1tn2yNBVT3iGnX4U4wXPAyzzJZuJTvSD, 20000, 4, 419105.76699685, 2361.63618094
500, 119747, 119734, 1636526985, Mmg746Tp5gyHZvpi4kdETv8A6Z7NtbEPn2z, 1, 4, 419106.76699685, 0.11808180
501, 119782, 119769, 1636528095, MmWcNTNtqVU5b7LTQ4F4zPQESPsc5tRtMAd, 500, 4, 419606.76699685, 59.04090452
502, 119787, 119774, 1636528277, MmWcNTNtqVU5b7LTQ4F4zPQESPsc5tRtMAd, 500, 4, 420106.76699685, 59.04090452
503, 119818, 119805, 1636529026, MmWcNTNtqVU5b7LTQ4F4zPQESPsc5tRtMAd, 500, 4, 420606.76699685, 59.04090452
504, 119828, 119815, 1636529378, MmWcNTNtqVU5b7LTQ4F4zPQESPsc5tRtMAd, 500, 4, 421106.76699685, 59.04090452
505, 119844, 119831, 1636529803, MmWcNTNtqVU5b7LTQ4F4zPQESPsc5tRtMAd, 500, 4, 421606.76699685, 59.04090452
506, 119853, 119840, 1636529958, MmaJ2tfSchbPCks8sGZDnp2fsKhmfNEJQCm, 5.63, 4, 421612.39699685, 0.66480058
507, 119863, 119850, 1636530228, MmaJ2tfSchbPCks8sGZDnp2fsKhmfNEJQCm, 0.009, 4, 421612.40599685, 0.00106273
508, 119867, 119854, 1636530439, MmWcNTNtqVU5b7LTQ4F4zPQESPsc5tRtMAd, 500, 4, 422112.40599685, 59.04090452
509, 119877, 119864, 1636530658, MmWcNTNtqVU5b7LTQ4F4zPQESPsc5tRtMAd, 500, 4, 422612.40599685, 59.04090452
510, 119886, 119873, 1636530811, MmWcNTNtqVU5b7LTQ4F4zPQESPsc5tRtMAd, 500, 4, 423112.40599685, 59.04090452
511, 119891, 119878, 1636531032, MmWcNTNtqVU5b7LTQ4F4zPQESPsc5tRtMAd, 500, 4, 423612.40599685, 59.04090452
512, 119903, 119890, 1636531386, MmWcNTNtqVU5b7LTQ4F4zPQESPsc5tRtMAd, 500, 4, 424112.40599685, 59.04090452
513, 119934, 119921, 1636532727, MmdNFM7SZ9axyRrMJjBreHXq5bfAModuRT4, 500, 4, 424612.40599685, 59.04090452
514, 119957, 119944, 1636533467, MmLihmY8LDoABtLzFGSVNDGVAvbm6FdUCCc, 500, 4, 425112.40599685, 59.04090452
515, 119971, 119958, 1636533936, MmLihmY8LDoABtLzFGSVNDGVAvbm6FdUCCc, 500, 4, 425612.40599685, 59.04090452
516, 120003, 119990, 1636534790, MmMugpPRvwa6UyzeZ3pz3TQvWreGnEQdsDp, 500, 4, 426112.40599685, 59.04090452
517, 120061, 120048, 1636536906, MmgUoJpqcZH6HRA79V15SXkoPx4YPFNys29, 500, 4, 426612.40599685, 59.04090452
518, 120092, 120079, 1636537874, MmdwqavxMqeSwHXdZSmfavrg9Y2nP6dhb6H, 500, 4, 427112.40599685, 59.04090452
519, 120140, 120127, 1636539480, MmPax4bS1THgaHWsasdgazCVQzWSa3iBYhi, 500, 4, 427612.40599685, 59.04090452
520, 120147, 120134, 1636539725, MmPax4bS1THgaHWsasdgazCVQzWSa3iBYhi, 500, 4, 428112.40599685, 59.04090452
521, 120156, 120143, 1636539870, MmPax4bS1THgaHWsasdgazCVQzWSa3iBYhi, 500, 4, 428612.40599685, 59.04090452
522, 120398, 120385, 1636545939, MmPnWZw83eqTZ3CHkSp2HpDkFC8eRkPVvbd, 200, 4, 428812.40599685, 23.61636180
523, 120414, 120401, 1636546303, MmZYjh5fhKo4MXyE4p3Ypbf4tPADJFue34W, 500, 4, 429312.40599685, 59.04090452
524, 120420, 120407, 1636546530, MmhkXt1ErxYE3EHx1Yjgg9xzH4Lq6pjL2bC, 500, 4, 429812.40599685, 59.04090452
525, 120423, 120410, 1636546727, MmgsMhCaxFRqJkKAoKCfDtKFvb3Dp5h89YC, 500, 4, 430312.40599685, 59.04090452
526, 120516, 120503, 1636550038, MmWKLJ5ji5ATx7Y2TvFWMmpzgwR1e1a2jy4, 500, 4, 430812.40599685, 59.04090452
527, 120533, 120520, 1636550659, MmWKLJ5ji5ATx7Y2TvFWMmpzgwR1e1a2jy4, 500, 4, 431312.40599685, 59.04090452
528, 120592, 120579, 1636552692, MmYABJfhRsfNQg58aRuVfEwyb7qwL4p8rEq, 500, 4, 431812.40599685, 59.04090452
529, 120595, 120582, 1636552905, MmMZ9seX1DzjtJMThYAb3fyTT4E2qAjYa59, 500, 4, 432312.40599685, 59.04090452
530, 120613, 120600, 1636553682, MmbapGvorVeAHVFdqeST9xHpMQHzpWjhKot, 500, 4, 432812.40599685, 59.04090452
531, 120618, 120605, 1636553808, MmbapGvorVeAHVFdqeST9xHpMQHzpWjhKot, 500, 4, 433312.40599685, 59.04090452
532, 120623, 120610, 1636553983, MmbapGvorVeAHVFdqeST9xHpMQHzpWjhKot, 500, 4, 433812.40599685, 59.04090452
533, 120632, 120619, 1636554295, MmbapGvorVeAHVFdqeST9xHpMQHzpWjhKot, 500, 4, 434312.40599685, 59.04090452
534, 120686, 120673, 1636555852, MmheZL6SN8RhzTtLdN4bhK7GXCZCbNmvVyY, 20, 4, 434332.40599685, 2.36163618
535, 120784, 120771, 1636558172, MmTsTg6xgq8rNqbSQ1fUZGxzVAxLv1FCNWg, 264, 4, 434596.40599685, 31.17359758
536, 120960, 120947, 1636563508, MmQri9Tmdq65FbAPnULPT7FDHLw2MFTJvyp, 990, 4, 435586.40599685, 116.90099095
537, 121262, 121249, 1636573017, MmhogSHZ7JdzQFzj4Jkxp3vUAFcWxQ7ksHm, 3, 4, 435589.40599685, 0.35424542
538, 122002, 121989, 1636595095, MmecoK9v7NB9LSGgcqfMzr9WywRn7scjsfr, 1000, 4, 436589.40599685, 118.08180904
539, 122011, 121998, 1636595496, MmTUnfq5gV7XU5ZS9f35qzg8mdRGG4ADdPJ, 2500, 4, 439089.40599685, 295.20452261
540, 122227, 122214, 1636601770, MmiJzXoLvoBZiiwMtWLbN2grHRZykRWyzNq, 4000, 4, 443089.40599685, 472.32723618
541, 122306, 122293, 1636603826, MmiJzXoLvoBZiiwMtWLbN2grHRZykRWyzNq, 4000, 4, 447089.40599685, 472.32723618
542, 122431, 122418, 1636608133, MmLWJwie25aXvGw4pjNxM8ZcixreAPJGATZ, 500, 4, 447589.40599685, 59.04090452
543, 122589, 122576, 1636612630, MmbapGvorVeAHVFdqeST9xHpMQHzpWjhKot, 500, 4, 448089.40599685, 59.04090452
544, 122594, 122581, 1636612800, MmbapGvorVeAHVFdqeST9xHpMQHzpWjhKot, 500, 4, 448589.40599685, 59.04090452
545, 122611, 122598, 1636613164, MmaNq8a68reRAoWN2E6ULphFHLiWRck9Rt2, 6, 4, 448595.40599685, 0.70849085
546, 122669, 122656, 1636614904, MmapTdtUKD9WKYwFMbME5iLBTVjAdUauy1P, 500, 4, 449095.40599685, 59.04090452
547, 122684, 122671, 1636615221, MmVJuSLpWDUfgswYHzQ1XfGWPbUeiQcNMqs, 500, 4, 449595.40599685, 59.04090452
548, 122702, 122689, 1636615608, MmMqcbtaAnyNFdMnyQ8aZ3Zmqjmie3JoKJP, 500, 4, 450095.40599685, 59.04090452
549, 122721, 122708, 1636616363, MmRCUypbrL4p97kUh9imZUfaBeR5n6J7De9, 500, 4, 450595.40599685, 59.04090452
550, 122728, 122715, 1636616629, MmNf9vnnYdWujC8ca1vV8jpdVEdCpwbBG9R, 500, 4, 451095.40599685, 59.04090452
551, 122736, 122723, 1636616813, MmNf9vnnYdWujC8ca1vV8jpdVEdCpwbBG9R, 500, 4, 451595.40599685, 59.04090452
552, 122786, 122773, 1636618704, MmVQK36TQxSnY6LHv9Tk3jrnGy76zXUmcgc, 1000, 4, 452595.40599685, 118.08180904
553, 122799, 122786, 1636619145, MmQviHdogq5s1S2ACumxDUpfFghPHCnJ3h3, 500, 4, 453095.40599685, 59.04090452
554, 122802, 122789, 1636619294, MmWcNTNtqVU5b7LTQ4F4zPQESPsc5tRtMAd, 500, 4, 453595.40599685, 59.04090452
555, 122817, 122804, 1636619657, MmWcNTNtqVU5b7LTQ4F4zPQESPsc5tRtMAd, 500, 4, 454095.40599685, 59.04090452
556, 122825, 122812, 1636619790, MmWcNTNtqVU5b7LTQ4F4zPQESPsc5tRtMAd, 500, 4, 454595.40599685, 59.04090452
557, 122837, 122824, 1636620146, MmWcNTNtqVU5b7LTQ4F4zPQESPsc5tRtMAd, 500, 4, 455095.40599685, 59.04090452
558, 122863, 122850, 1636620774, MmNRU2LLFCeQJHvCRtgR9AvKt4yVwEoeQMY, 2000.2, 4, 457095.60599685, 236.18723445
559, 122969, 122956, 1636623311, MmWSXnMoxiZuma4D7TYpQZ6uLFYpiXa8c8X, 502, 4, 457597.60599685, 59.27706814
560, 123003, 122990, 1636624804, MmiSfh5EaUFDrWKxmiEfVbmKtzL38k9CSia, 500, 4, 458097.60599685, 59.04090452
561, 123047, 123034, 1636626408, MmSBoy37jGkkMTE1sk7L9KfVqrFm8khf71W, 120, 4, 458217.60599685, 14.16981708
562, 123239, 123226, 1636632537, Mmb9eumCF7g1HYPELyzGqRgFtRQDSTQEtLE, 4500, 4, 462717.60599685, 531.36814071
563, 123239, 123226, 1636632613, MmQKu9HbTos6gD4wR2deErWTXdjR55vM3Sp, 150, 4, 462867.60599685, 17.71227135
564, 123263, 123250, 1636633324, MmYrje8vTiw7w3kqK7rNi4Z5MhVyjLBtbcp, 243, 4, 463110.60599685, 28.69387959
565, 123475, 123462, 1636638919, MmKd2H8iT8eifrMYxMc9moNBHD59pENgmzy, 1000, 4, 464110.60599685, 118.08180904
566, 123542, 123529, 1636641432, Mmbet8UhP7YSEnz2qUqFJEzxVx2avaPPSdH, 500, 4, 464610.60599685, 59.04090452
567, 123748, 123735, 1636647779, MmKpvBd8UzofZeddniXYmiT2E5iNEniVYVy, 500, 4, 465110.60599685, 59.04090452
568, 124519, 124506, 1636670629, MmQRmoVfkDY2ckZDj3A7ymVRQ7DZcHhs5Jo, 500, 4, 465610.60599685, 59.04090452
569, 124805, 124792, 1636679399, MmetVANCwBYNd358njZ2mFnaGp4TwxxUr5B, 500, 4, 466110.60599685, 59.04090452
570, 124961, 124948, 1636683885, MmW6JuY81sdvhHUX9vrgD1UK8ZbbngZyCCf, 6.464, 4, 466117.06999685, 0.76328081
571, 124996, 124983, 1636685277, Mmhb9TcPZea8v1tUMSjq3ZaAMUEDJLTj4JK, 3.2324, 4, 466120.30239685, 0.38168763
572, 125065, 125052, 1636687293, MmRE1R5jU7u6vFb8CwULBDVrZwM8Mrt3X8T, 22, 4, 466142.30239685, 2.59779979
573, 125133, 125120, 1636689373, MmPR1ctxF2sVNKQwEcg4xv1A221WN8c8q18, 139, 4, 466281.30239685, 16.41337145
574, 125159, 125146, 1636690128, MmbU61K9Ug4dRsASHygtWj3JW3rmbGLyDuY, 10, 4, 466291.30239685, 1.18081809
575, 125204, 125191, 1636691378, MmZ2yhmgXihSF5VGk5evBYaWyFBvBPurxd5, 500.4, 4, 466791.70239685, 59.08813724
576, 125209, 125196, 1636691433, MmbU61K9Ug4dRsASHygtWj3JW3rmbGLyDuY, 50, 4, 466841.70239685, 5.90409045
577, 125266, 125253, 1636693484, MmduVnNdkcRFSouJq1gnhJyPTG9QFQqEa7f, 508, 4, 467349.70239685, 59.98555899
578, 125464, 125451, 1636699488, MmYTBEkk7nnEMF5ac7fmnbGbgVQGf16AA74, 500, 4, 467849.70239685, 59.04090452
579, 125594, 125581, 1636703002, MmcMjt9nWSiH13wCJMXNX95FSa5Eap7aPje, 200, 4, 468049.70239685, 23.61636180
580, 125829, 125816, 1636710211, MmWwJigEWSqnziV5WJtSHdcXeLb3kRxbPjU, 499.99, 4, 468549.69239685, 59.03972370
581, 126008, 125995, 1636715441, MmhdmUeWuCX4w3CuXahgNW1gEUUKAtvWqob, 500, 4, 469049.69239685, 59.04090452
582, 126031, 126018, 1636716116, MmSnRh7BkpbSL53jhvBSnifQupawt3YQvAB, 500.8, 3, 469550.49239685, 44.35152747
583, 126075, 126062, 1636717211, Mmb4SSNEmbuFkuRh1DAajopTL6exNURkBtj, 105, 3, 469655.49239685, 9.29894246
584, 126190, 126177, 1636721126, MmaJ2tfSchbPCks8sGZDnp2fsKhmfNEJQCm, 30, 3, 469685.49239685, 2.65684070
585, 126211, 126198, 1636721597, Mmbb6ThuS7YMQgNuqWNJnXugBJ47cW9wimK, 500, 3, 470185.49239685, 44.28067839
586, 126227, 126214, 1636721999, Mmbb6ThuS7YMQgNuqWNJnXugBJ47cW9wimK, 500, 3, 470685.49239685, 44.28067839
587, 126232, 126219, 1636722133, Mmgty6UaEYTtFLp65JGiiGPFDhPjDM8rPvx, 500, 3, 471185.49239685, 44.28067839
588, 126233, 126220, 1636722152, Mmbb6ThuS7YMQgNuqWNJnXugBJ47cW9wimK, 500, 3, 471685.49239685, 44.28067839
589, 126239, 126226, 1636722318, Mmbb6ThuS7YMQgNuqWNJnXugBJ47cW9wimK, 500, 3, 472185.49239685, 44.28067839
590, 126254, 126241, 1636722763, MmiVxMPeuuMSThZzXBf2P2XvfLzF4G9LRDY, 501.99, 3, 472687.48239685, 44.45691549
591, 126265, 126252, 1636723219, MmNg1ZJEiyUe2BPLVT3E28wegaCjkaHgnPp, 500, 3, 473187.48239685, 44.28067839
592, 126277, 126264, 1636723610, MmNP44S6T6HRehvKoT4vwxr7cAFMNVC7gaV, 500, 3, 473687.48239685, 44.28067839
593, 126284, 126271, 1636723945, MmfJobikHpbo2fZnnr9ZhgdLFSgeWXh13x3, 500, 3, 474187.48239685, 44.28067839
594, 126288, 126275, 1636724088, MmQBkButr8cj73td1Z8U94DaXe2dSMik2Hf, 500, 3, 474687.48239685, 44.28067839
595, 126323, 126310, 1636725144, MmL1cgjYQLehFyVKBQf2u1CE4ETDbQijvGm, 500, 3, 475187.48239685, 44.28067839
596, 126333, 126320, 1636725298, MmL1cgjYQLehFyVKBQf2u1CE4ETDbQijvGm, 500, 3, 475687.48239685, 44.28067839
597, 126455, 126442, 1636728926, Mme5ZnNHzE9GVji2td6Y5x5exPkVDHLYb2Q, 508, 3, 476195.48239685, 44.98916924
598, 126560, 126547, 1636732287, MmekQyH1HUpVWBLivdzRRoSr9ikaTsejppo, 880, 3, 477075.48239685, 77.93399397
599, 127299, 127286, 1636754309, MmTzk11ShsQi3kYGNbjN3mxkiixKX74MfnW, 500, 3, 477575.48239685, 44.28067839
600, 127415, 127402, 1636758138, MmZgprUNSR1r6xrmx97i2v9TFCTnJchA2FZ, 2, 3, 477577.48239685, 0.17712271
601, 127541, 127528, 1636762070, MmgMPvbacsoFqrZJcqhVm5aMSTVV5t3pVXB, 500, 3, 478077.48239685, 44.28067839
602, 127993, 127980, 1636775470, MmLKknieo31c1zyhX1KyoYYWkjdQR8u6ER4, 500, 3, 478577.48239685, 44.28067839
603, 128116, 128103, 1636779451, MmLXRs8JydQ839KGsJrQuBQCa9eqKVxKbbW, 300.9992, 3, 478878.48159685, 26.65689754
604, 128179, 128166, 1636781372, MmNkqvsAXgRhqZat549yoDzFxeFjYc1AEhE, 121, 3, 478999.48159685, 10.71592417
605, 128356, 128343, 1636785737, Mma74h9wEkuVVUnDqFMaWBMegn69jDsHa7z, 1000, 3, 479999.48159685, 88.56135678
606, 128392, 128379, 1636787058, MmdDeawW871hi5QfrC1C2E42n8fUKUx4YR7, 500, 3, 480499.48159685, 44.28067839
607, 128413, 128400, 1636787729, MmM16UEtcrGqfUG2H3GmeSoFbN5huWa4ojR, 508, 3, 481007.48159685, 44.98916924
608, 128465, 128452, 1636789568, MmN22yEwfTsmHsSGxnq2WPKbYtqV4BZwqAA, 501.85, 3, 481509.33159685, 44.44451690
609, 128610, 128597, 1636794056, MmhczbvAAGh9NkQt95XgaUtVSjCYjUGURv3, 160, 3, 481669.33159685, 14.16981708
610, 128797, 128784, 1636799601, MmRdV7ikUvP2hJQicvaG5jFgFMDv2PbCVer, 1000, 3, 482669.33159685, 88.56135678
611, 128861, 128848, 1636801920, MmVGKy7ACcUYvx51RMqA8iWHXhey2mKdXGP, 1000, 3, 483669.33159685, 88.56135678
612, 129125, 129112, 1636809394, Mmgjobeaoa6vajrwUkA7SsRfe5QZCEpJWJG, 2, 3, 483671.33159685, 0.17712271
613, 129414, 129401, 1636818410, MmiGVLbmtnCQMMPMZk9iLpLdMf2HQJ463GT, 1000, 3, 484671.33159685, 88.56135678
614, 129493, 129480, 1636821043, Mmf6STbVjJEkPqeAeV4tGMWdu1o3KY7b9EY, 1500, 3, 486171.33159685, 132.84203517
615, 130414, 130401, 1636847922, MmYXUoN6KbPxfXancShLc943yBozHd5Ddpc, 500, 3, 486671.33159685, 44.28067839
616, 130731, 130718, 1636858251, MmPBN2K7dAKNQUSDYbam7FGojUMuDyHBUSk, 1000, 3, 487671.33159685, 88.56135678
617, 130985, 130972, 1636865079, MmdxTHvShJwnFMoymwMKqiiPLgXKsefgU1p, 990, 3, 488661.33159685, 87.67574321
618, 131064, 131051, 1636867740, MmTPK6dF4rTF74M1XRR82aqNxjN6mNroev8, 500.9, 3, 489162.23159685, 44.36038361
619, 131072, 131059, 1636868080, MmPzhyFbmWPDzgA5DcTkq7CGdwcFgTzQyiM, 0.2, 3, 489162.43159685, 0.01771227
620, 131087, 131074, 1636868550, MmZNd74kJmydovfGvrpiJ5pZX3kWNiRzENQ, 549, 3, 489711.43159685, 48.62018487
621, 131096, 131083, 1636868950, MmakYAnUJfS5ccMXdCbT8QBQggHkdx7XUKF, 500.05, 3, 490211.48159685, 44.28510646
622, 131152, 131139, 1636870405, MmbBqjdF3rQRUDZ1rW6qyb8Dcx7pf21uMxJ, 500, 3, 490711.48159685, 44.28067839
623, 131224, 131211, 1636872511, MmZ4PhuEhJCC62utfqgNud6nRPKbpvVfLmn, 595, 3, 491306.48159685, 52.69400728
624, 131518, 131505, 1636881263, MmNPgMZKZqGSNQ4saEHdHjD4KQQoBXCSMPh, 506.99, 3, 491813.47159685, 44.89972227
625, 131596, 131583, 1636883828, MmchK5bsiUcKMjkuiS48fNjEMSFuu4qYhk8, 2000, 3, 493813.47159685, 177.12271357
626, 131608, 131595, 1636884083, MmgfbNmjzzTHZfoDqsugtTpiNDdNEkcuj5N, 1000, 3, 494813.47159685, 88.56135678
627, 131621, 131608, 1636884606, MmXd6ZkbsKqAq8CKw3icNHjsQ4FyBVpVjTb, 1000, 3, 495813.47159685, 88.56135678
628, 131648, 131635, 1636885319, MmXd6ZkbsKqAq8CKw3icNHjsQ4FyBVpVjTb, 2000, 3, 497813.47159685, 177.12271357
629, 131736, 131723, 1636887771, MmNviYQthctB9tmME78AW2nprJCCpqTptw7, 22.37, 3, 497835.84159685, 1.98111755
630, 132160, 132147, 1636900267, MmSXTLNDuyNULDhhzb3JoxgJMjDtGSfGjER, 500, 3, 498335.84159685, 44.28067839
631, 132186, 132173, 1636901192, MmiJzXoLvoBZiiwMtWLbN2grHRZykRWyzNq, 500, 3, 498835.84159685, 44.28067839
632, 132191, 132178, 1636901440, MmiJzXoLvoBZiiwMtWLbN2grHRZykRWyzNq, 500, 3, 499335.84159685, 44.28067839
633, 132421, 132408, 1636908411, MmXrVxonfgmkk3Pidt7GYmjDvv8K6Qq8zTG, 500, 3, 499835.84159685, 44.28067839
634, 132421, 132408, 1636908438, MmXrVxonfgmkk3Pidt7GYmjDvv8K6Qq8zTG, 500, 3, 500335.84159685, 44.28067839
635, 132435, 132422, 1636908851, MmXrVxonfgmkk3Pidt7GYmjDvv8K6Qq8zTG, 500, 3, 500835.84159685, 44.28067839
636, 137120, 137106, 1636937594, MmdUt3quMgwKJ2Kve36ZGqru2VMyoD5bfzF, 1500, 3, 502335.84159685, 132.84203517
637, 137435, 137421, 1636937594, MmRpASScVnUtFNHUmUjgTfPrWXQFMKupTsm, 500, 3, 502835.84159685, 44.28067839
638, 138785, 138771, 1636937594, MmYYBxhPnd6UNrKy7hjHVHjFMLxMPhofKad, 200, 3, 503035.84159685, 17.71227135
639, 137113, 137099, 1636937594, MmbEEDc4pvSD4oUBWVYFHKmpxhC9fcmWXs6, 301, 3, 503336.84159685, 26.65696839
640, 139218, 139204, 1636937594, MmZzcJGdVE6atW8RSu3KnnBHEZMLqTVh5TF, 500, 3, 503836.84159685, 44.28067839
641, 133441, 133428, 1636939054, MmPNBS97azTNu6GPvZPhpQZSpBvz4ARb8AU, 500, 3, 504336.84159685, 44.28067839
642, 133506, 133493, 1636940791, MmQhBVbUHpe3s86ZKeUp7QMvpxNan1TYErJ, 500, 3, 504836.84159685, 44.28067839
643, 133523, 133510, 1636941307, MmVi1mYcA5efyGV1eB1UnAxcF6EhPMwnAdY, 1500, 3, 506336.84159685, 132.84203517
644, 133542, 133529, 1636941833, MmUBUGY3JvWhv9v8McPdUkAKWQkhkcA94n5, 500, 3, 506836.84159685, 44.28067839
645, 133551, 133538, 1636942458, MmSrFiaWL6zZJwKVgdcddKZ9N75ZReXBHxV, 500, 3, 507336.84159685, 44.28067839
646, 133663, 133650, 1636946019, MmUmmioxptBBkYgLhBKgPdKJN4ra58FZGQB, 98, 3, 507434.84159685, 8.67901296
647, 133686, 133673, 1636946511, MmS2z9EZytZGw4iKnTJaPUCfSFfEixjDsip, 503, 3, 507937.84159685, 44.54636246
648, 133789, 133776, 1636949411, MmhtDk5pZsuSWiDys29zcr69A1CG7Foor4t, 500, 3, 508437.84159685, 44.28067839
649, 133791, 133778, 1636949421, MmRVVBWNn2td24Lp4yPwd5w9peqNfxZBVWn, 500, 3, 508937.84159685, 44.28067839
650, 133800, 133787, 1636949470, MmPhHRg9VFbPZrTjNnAD1rJZsB5SbkDxLeU, 1000, 3, 509937.84159685, 88.56135678
651, 133807, 133794, 1636949658, MmbyzgUMHJeiHfhgUWpghdKpUDb7DkyXRqt, 1000, 3, 510937.84159685, 88.56135678
652, 133858, 133845, 1636951553, MmLephTaokmymR9ug7eH5JohRdNw4uXiie6, 501, 3, 511438.84159685, 44.36923974
653, 134076, 134063, 1636958852, MmiYMHTvEfVzdRdqTdQe4jRvEhtzT7vEG4j, 508, 3, 511946.84159685, 44.98916924
654, 134173, 134160, 1636961302, Mma9ezvbzSYNLEXPasWokx1GaoDtUNe1682, 95.32, 3, 512042.16159685, 8.44166852
655, 134195, 134182, 1636961877, Mmak87EB5PibEwL3sM8habvYDHMinRFfzCS, 500, 3, 512542.16159685, 44.28067839
656, 134222, 134209, 1636962336, MmQx3Y8e4zxzhyUFvS2SZ6ZFKhfuEjAKAZg, 503, 3, 513045.16159685, 44.54636246
657, 134224, 134211, 1636962542, MmX9p6gMrVJUoQvsnG8qXi8R82MGfXZxcQR, 500, 3, 513545.16159685, 44.28067839
658, 134241, 134228, 1636963065, MmZt9XCYELyaK2areQUR799Na3Z9nLZ6nLp, 500, 3, 514045.16159685, 44.28067839
659, 134248, 134235, 1636963294, MmdoZUudBqj2JYbg83CeDAx34U16egevfFM, 500, 3, 514545.16159685, 44.28067839
660, 134250, 134237, 1636963361, MmWYwoGKuYYdwxSqarkcLxrihAfthcfNdDm, 500, 3, 515045.16159685, 44.28067839
661, 134312, 134299, 1636965243, MmSif49K5LkJnvkaLLDVBvFYFViFnEi4iSK, 1000, 3, 516045.16159685, 88.56135678
662, 134317, 134304, 1636965483, MmMZFPMZ3KYMzj6EXQjckQvKqz3SC6t4vDF, 500, 3, 516545.16159685, 44.28067839
663, 134317, 134304, 1636965496, MmgUm3ratGg6gaRNT44tzPEaD4oTYM9YrWQ, 500, 3, 517045.16159685, 44.28067839
664, 134358, 134345, 1636966585, MmRkGkzAtXoyYuP1kvCfxXPk5pGgPgfeKGQ, 500, 3, 517545.16159685, 44.28067839
665, 134412, 134399, 1636968067, MmfphQb98q2FnvNxyzs3mTBVkDHPPZaeBY9, 508, 3, 518053.16159685, 44.98916924
666, 134483, 134470, 1636970396, Mmh2aiaknUidEvrHESCdTG6ZgGjjrMoo745, 518, 3, 518571.16159685, 45.87478281
667, 134555, 134542, 1636972330, Mmgx4eg6saT2ovSytCBDG4XxdqijDrXpYuM, 500, 3, 519071.16159685, 44.28067839
668, 134558, 134545, 1636972558, Mmgx4eg6saT2ovSytCBDG4XxdqijDrXpYuM, 500, 3, 519571.16159685, 44.28067839
669, 134638, 134625, 1636975120, MmVgDUz3vq7xaLq8jYStQT8yNJbhkmp96k1, 500, 3, 520071.16159685, 44.28067839
670, 134642, 134629, 1636975197, MmQAZKaZRw6qzC3a3GGAsfiH7CZCzznB67t, 150, 3, 520221.16159685, 13.28420351
671, 134671, 134658, 1636975925, MmTyc8D2yi6ELww3TcQGU38wpEDWLz1w3wQ, 1500, 3, 521721.16159685, 132.84203517
672, 134746, 134732, 1636978218, MmLmALtdu15hVzn9zpXN18rrw1RPfNsJ2mW, 95.32, 3, 521816.48159685, 8.44166852
673, 134756, 134742, 1636978514, MmLmALtdu15hVzn9zpXN18rrw1RPfNsJ2mW, 95.37, 3, 521911.85159685, 8.44609659
674, 134758, 134744, 1636978603, MmhzXG5PuEdkjJ2gawVfAyVVLS13YQ6y7vp, 500, 3, 522411.85159685, 44.28067839
675, 135092, 135078, 1636989063, MmMmBbMWsJGbYQxvra9zSVz9d34Q4E4QtPE, 1000, 3, 523411.85159685, 88.56135678
676, 135257, 135243, 1636993649, MmbgHv2hN1xEEAYkFbgF2u3ZH1TU4sPtkDE, 500, 3, 523911.85159685, 44.28067839
677, 136209, 136195, 1637022386, MmNKAspy57ymRTy1jETheJ12nyZvcsJwTp5, 501, 3, 524412.85159685, 44.36923974
678, 136592, 136578, 1637033423, MmNTxRXAd628P7XfR8X9RogDfWgsguVB4ba, 500, 3, 524912.85159685, 44.28067839
679, 137040, 137026, 1637047392, MmXiUWVkmbeh2QBjsHZHqNAfh29d7efs3qN, 61.99, 3, 524974.84159685, 5.48991850
680, 137263, 137249, 1637054216, MmRe5sb6Hgt2cpft7ds32eSHDxFeLYkGRPK, 500, 3, 525474.84159685, 44.28067839
681, 139237, 139223, 1637113468, MmeFSkDfiY76fqEKmdMjNumPCmxU7q7xQRX, 100, 3, 525574.84159685, 8.85613567
682, 139376, 139362, 1637117960, MmYonK3ezWPBcbKstYKdF3dkdKWt54YZry4, 100, 3, 525674.84159685, 8.85613567
683, 139381, 139367, 1637118078, MmYonK3ezWPBcbKstYKdF3dkdKWt54YZry4, 90, 3, 525764.84159685, 7.97052211
684, 139447, 139433, 1637120680, MmN81H1CfdjaUri5n9BL4gAkYT6uaZ1DcJQ, 500, 3, 526264.84159685, 44.28067839
685, 139676, 139662, 1637126343, MmP4xhitsu4J6dDrAs7afmznotBX4aCu3wR, 180, 3, 526444.84159685, 15.94104422
686, 139771, 139757, 1637129464, Mma88PiYEawjsvaY4VjiyJZxM3qyf1aFs1M, 0.999, 3, 526445.84059685, 0.08847279
687, 140179, 140165, 1637141515, MmNviYQthctB9tmME78AW2nprJCCpqTptw7, 10.79, 3, 526456.63059685, 0.95557703
688, 140949, 140935, 1637165213, MmPasNFu2h1zKTs4oDLauPq1FKv9pkKDgdY, 50, 3, 526506.63059685, 4.42806783
689, 143652, 143637, 1637246873, MmRovVyMfB5diuUNaLNVZYpH98jkpG574ye, 25, 3, 526531.63059685, 2.21403391
690, 145405, 145389, 1637299536, MmbQssY1M8xcgJRdXM5pB8CJXJhGLCJh7fk, 460, 2, 526991.63059685, 27.15881608
691, 145879, 145862, 1637313844, MmiRuNuV3KPY3tjtNMLxEsC3VfTPVe7v7wv, 500, 2, 527491.63059685, 29.52045226
692, 145902, 145885, 1637314806, MmMYyFhPcUtLCTSG11ywRaGq7CXFHp6Y5RX, 500, 2, 527991.63059685, 29.52045226
693, 145941, 145924, 1637316124, Mmd1atJj7xbG6HsA4SB4fqsU54hfw67VeWu, 7500, 2, 535491.63059685, 442.80678392
694, 146504, 146487, 1637332558, MmTHpdZJg9TA2kRV7fDCygyoWCwePnRaYMP, 1500, 2, 536991.63059685, 88.56135678
695, 147706, 147687, 1637369035, MmbyzgUMHJeiHfhgUWpghdKpUDb7DkyXRqt, 1000, 2, 537991.63059685, 59.04090452
696, 147984, 147965, 1637376276, MmfLUATJWbPVedtnFwK7tWbPfEnw1aChKth, 0.99, 2, 537992.62059685, 0.05845049
697, 148056, 148037, 1637379178, MmRovVyMfB5diuUNaLNVZYpH98jkpG574ye, 50, 2, 538042.62059685, 2.95204522
698, 148421, 148398, 1637389492, MmbWS3CimuWwveKfhToxEMyUdHHjbXgSFvb, 500, 2, 538542.62059685, 29.52045226
699, 150123, 150099, 1637440979, MmdJaFV2ajr64kAL4V1Qt9txHrX2yg5fzNL, 300, 2, 538842.62059685, 17.71227135
700, 150820, 150795, 1637462113, MmWTpvy4CCGsJrqMx4jquAz4sTiyZ3deDiE, 1500, 2, 540342.62059685, 88.56135678
701, 150840, 150815, 1637462451, MmcRuyxwEhepu1BxMqmXGtNwQynWjAfKXHY, 200, 2, 540542.62059685, 11.80818090
702, 150896, 150870, 1637463778, MmWTpvy4CCGsJrqMx4jquAz4sTiyZ3deDiE, 1000, 2, 541542.62059685, 59.04090452
703, 151275, 151241, 1637475192, MmSBoy37jGkkMTE1sk7L9KfVqrFm8khf71W, 50, 2, 541592.62059685, 2.95204522
704, 151287, 151253, 1637475397, MmWTpvy4CCGsJrqMx4jquAz4sTiyZ3deDiE, 4500, 2, 546092.62059685, 265.68407035
705, 151382, 151347, 1637478276, MmKxvwKiG86cCxZ145TEGQkbnfeXi1G7LPY, 500, 2, 546592.62059685, 29.52045226
706, 151542, 151507, 1637482976, MmWTpvy4CCGsJrqMx4jquAz4sTiyZ3deDiE, 1000, 2, 547592.62059685, 59.04090452
707, 152221, 152174, 1637503820, MmLYRMBvFyAoyrgVnFy2VqGbXToErqGSofY, 503, 2, 548095.62059685, 29.69757497
708, 153622, 153574, 1637545874, Mmd66KYj7PgEvjwtySSNPP8ku9eTWy6RoPw, 8.9, 2, 548104.52059685, 0.52546405
709, 153679, 153631, 1637547843, MmSXTLNDuyNULDhhzb3JoxgJMjDtGSfGjER, 500, 2, 548604.52059685, 29.52045226
710, 153690, 153642, 1637548211, MmSXTLNDuyNULDhhzb3JoxgJMjDtGSfGjER, 500, 2, 549104.52059685, 29.52045226
711, 154023, 153975, 1637558033, Mmd1atJj7xbG6HsA4SB4fqsU54hfw67VeWu, 2500, 2, 551604.52059685, 147.60226130
712, 154359, 154310, 1637567789, MmdhXZZaQTZirU3jxGu41snupSW83VEnegJ, 1000, 2, 552604.52059685, 59.04090452
713, 154397, 154348, 1637568777, MmQ32FUbTFAxj8gZS5AToSwsbHqEYA3anYK, 205, 2, 552809.52059685, 12.10338542
714, 154410, 154361, 1637569177, MmLixvJUufpqjNtMCoEfo2pe2R1r7Pz1inA, 500, 2, 553309.52059685, 29.52045226
715, 154413, 154364, 1637569327, MmLixvJUufpqjNtMCoEfo2pe2R1r7Pz1inA, 499, 2, 553808.52059685, 29.46141135
716, 154484, 154435, 1637571664, MmRovVyMfB5diuUNaLNVZYpH98jkpG574ye, 50, 2, 553858.52059685, 2.95204522
717, 155060, 155008, 1637588518, MmKyXQezZsz2MfHfojkJeuxhPKd2Cyy96L6, 499, 2, 554357.52059685, 29.46141135
718, 155098, 155045, 1637589892, MmQ3RFahCMqY56WuUWRcMtePj9tE4VAPnGC, 701, 2, 555058.52059685, 41.38767407
719, 155098, 155045, 1637589913, MmchK5bsiUcKMjkuiS48fNjEMSFuu4qYhk8, 1000, 2, 556058.52059685, 59.04090452
720, 156854, 156791, 1637642511, MmbhCniCvjrGpq7UXPkrkY1jMM7vjUCng8Z, 1000, 2, 557058.52059685, 59.04090452
721, 157621, 157550, 1637665427, MmhJC82kZq3EQxJQCqTwdx1caKg4FJS1XS4, 500, 2, 557558.52059685, 29.52045226
722, 157635, 157563, 1637665811, MmhJC82kZq3EQxJQCqTwdx1caKg4FJS1XS4, 500, 2, 558058.52059685, 29.52045226
723, 158136, 158053, 1637680483, MmaJ2tfSchbPCks8sGZDnp2fsKhmfNEJQCm, 110, 2, 558168.52059685, 6.49449949
724, 158755, 158670, 1637698637, MmRovVyMfB5diuUNaLNVZYpH98jkpG574ye, 50, 2, 558218.52059685, 2.95204522
725, 159452, 159364, 1637719795, MmL3Uqm518c8drKma4VjmhRkwr6XBqpdzgX, 400, 2, 558618.52059685, 23.61636180
726, 159624, 159534, 1637724705, MmNviYQthctB9tmME78AW2nprJCCpqTptw7, 21, 2, 558639.52059685, 1.23985899
727, 159811, 159719, 1637730941, MmWTpvy4CCGsJrqMx4jquAz4sTiyZ3deDiE, 10000, 2, 568639.52059685, 590.40904523
728, 159847, 159753, 1637731890, MmiJzXoLvoBZiiwMtWLbN2grHRZykRWyzNq, 503, 2, 569142.52059685, 29.69757497
729, 159936, 159839, 1637734642, MmWTpvy4CCGsJrqMx4jquAz4sTiyZ3deDiE, 1500, 2, 570642.52059685, 88.56135678
730, 160378, 160276, 1637747386, MmQcg16q1K712MJfpJbFf4tcnmf6AoRFmkr, 500, 2, 571142.52059685, 29.52045226
731, 160391, 160289, 1637747922, MmcqUdddn8xQyTgVs6HdUFab9qYiMA8tRKd, 3500, 2, 574642.52059685, 206.64316583
732, 160946, 160832, 1637764246, MmagHgRPFvxgrSDLBT7w3QmiZmNTuS3nNSr, 501, 2, 575143.52059685, 29.57949316
733, 160978, 160863, 1637765144, MmSXTLNDuyNULDhhzb3JoxgJMjDtGSfGjER, 500, 2, 575643.52059685, 29.52045226
734, 160983, 160868, 1637765273, MmSXTLNDuyNULDhhzb3JoxgJMjDtGSfGjER, 500, 2, 576143.52059685, 29.52045226
735, 161006, 160890, 1637765805, MmgqW999BEJQG4TgnpLQQghmM1NVVJWsjVy, 500, 2, 576643.52059685, 29.52045226
736, 161013, 160897, 1637766067, MmgqW999BEJQG4TgnpLQQghmM1NVVJWsjVy, 500, 2, 577143.52059685, 29.52045226
737, 161080, 160960, 1637767998, MmgqW999BEJQG4TgnpLQQghmM1NVVJWsjVy, 32.99, 2, 577176.51059685, 1.94775944
738, 162837, 162691, 1637820523, MmaXQdHQSMYa1xCgYTvvsvpShbeRP52fz1p, 26, 1, 577202.51059685, 0.76753175
739, 162980, 162830, 1637824302, Mmd1atJj7xbG6HsA4SB4fqsU54hfw67VeWu, 2500, 1, 579702.51059685, 73.80113065
740, 162989, 162838, 1637824597, MmMWDWRbeut8waLjn17rPcBKHCw45PgJhKA, 501.05, 1, 580203.56059685, 14.79122260
741, 163269, 163116, 1637832809, MmTA7j1Jvm9eKpLYXocwKvQsJ9BBp2X8a4j, 662, 1, 580865.56059685, 19.54253939
742, 163705, 163545, 1637845261, MmNHbUkUiSM6KsTHCMb4TjLknXNrGoiRSL1, 499.99, 1, 581365.55059685, 14.75993092
743, 163763, 163602, 1637847182, MmWTpvy4CCGsJrqMx4jquAz4sTiyZ3deDiE, 1500, 1, 582865.55059685, 44.28067839
744, 163868, 163706, 1637849967, MmNviYQthctB9tmME78AW2nprJCCpqTptw7, 261.19, 1, 583126.74059685, 7.71044692
745, 164661, 164495, 1637874088, MmNL3fqDmxo89C1eMTp5zfWPmmVJG87z32t, 6, 1, 583132.74059685, 0.17712271
746, 164994, 164828, 1637883858, MmazENqv1mU9sy3C3VgKNUiVKAi2ewyZWiE, 500, 1, 583632.74059685, 14.76022613
747, 165008, 164842, 1637884389, MmdnaBSvJbfhcbmsh59d8udBwWr7h2XDT75, 15, 1, 583647.74059685, 0.44280678
748, 165035, 164868, 1637885305, Mmb9G5Psxcs587Hq4BgZT3P4ZbTmXQdyQi3, 500, 1, 584147.74059685, 14.76022613
749, 165165, 164998, 1637889030, MmRQhCtZEgr1dksnbzHrEP2GVHrqhyb92wG, 200, 1, 584347.74059685, 5.90409045
750, 165344, 165175, 1637894512, MmQa7vRR2oLe9ZY8M6vShPKJ8hxbYiM1fzQ, 500, 1, 584847.74059685, 14.76022613
751, 165403, 165234, 1637895962, MmfPUMAMqpVw1425PJkFrV8pCjXKmBJA7gS, 500, 1, 585347.74059685, 14.76022613
752, 165894, 165716, 1637910619, MmhzXG5PuEdkjJ2gawVfAyVVLS13YQ6y7vp, 1506, 1, 586853.74059685, 44.45780110
753, 165934, 165755, 1637911525, MmWyX9HSReAQneGvjg2QT3uJzANcvexSHGP, 500, 1, 587353.74059685, 14.76022613
754, 165941, 165762, 1637911661, MmNSmWkZHzoXTnPgKFe5qvRZjuCS6aXkPaY, 100, 1, 587453.74059685, 2.95204522
755, 166017, 165835, 1637913690, MmaHf7YgjMZD5f98iqPrtTQJaenAYU6hU5C, 200, 1, 587653.74059685, 5.90409045
756, 166114, 165932, 1637916948, MmeAb38feDmcsVYqTSAHujxdh1Rw4jzZZzV, 500, 1, 588153.74059685, 14.76022613
757, 166272, 166088, 1637921887, MmaHf7YgjMZD5f98iqPrtTQJaenAYU6hU5C, 300, 1, 588453.74059685, 8.85613567
758, 166547, 166360, 1637929317, MmWWaWGbqkF1jnachSEo73unff3qbJJc6oL, 127, 1, 588580.74059685, 3.74909743
759, 166920, 166730, 1637940829, MmcHgekuBRYxMHKKici6Wo9FxbBukhjvXsN, 50, 1, 588630.74059685, 1.47602261
760, 168546, 168346, 1637990435, MmRovVyMfB5diuUNaLNVZYpH98jkpG574ye, 130, 1, 588760.74059685, 3.83765879
761, 169096, 168885, 1638005769, MmTcWSYjy6UeZHjR5mvWSLHfoTPvKxDdcQ5, 300, 1, 589060.74059685, 8.85613567
762, 169149, 168934, 1638007434, MmWn8iDiNAUHyNrwZ9M2NNrNVpbwYa9My4T, 10, 1, 589070.74059685, 0.29520452
763, 169257, 169041, 1638010124, MmfBgxzmosTSJekNYzQ9x85qed7FgT1AFYt, 2.9, 1, 589073.64059685, 0.08560931
764, 169356, 169140, 1638012919, MmNviYQthctB9tmME78AW2nprJCCpqTptw7, 10.6, 1, 589084.24059685, 0.31291679
765, 170662, 170434, 1638052410, MmiDCmvQrSUtuc2Y2yt4ZfRYfXzcKDet5CV, 800, 1, 589884.24059685, 23.61636180
766, 170671, 170442, 1638052702, MmaXQdHQSMYa1xCgYTvvsvpShbeRP52fz1p, 700, 1, 590584.24059685, 20.66431658
767, 171294, 171058, 1638070962, MmNQikJ8MyP438RNxZLoCNBbYRMy2hXvsYU, 150, 1, 590734.24059685, 4.42806783
768, 171688, 171446, 1638083369, MmPasNFu2h1zKTs4oDLauPq1FKv9pkKDgdY, 50.74, 1, 590784.98059685, 1.49786774
769, 171752, 171510, 1638085174, MmcRuyxwEhepu1BxMqmXGtNwQynWjAfKXHY, 100, 1, 590884.98059685, 2.95204522
770, 172401, 172140, 1638103722, MmYi8hbQgRuETCeiAbjrCK5KP93bEPEMf6g, 2000, 1, 592884.98059685, 59.04090452
771, 172659, 172394, 1638110582, MmgMtHR4vD9uCQm18yMCN2CJuBnGVBXQhzN, 500, 1, 593384.98059685, 14.76022613
772, 172662, 172397, 1638111333, MmLiUeVuXFi8QB42W5ivcWmGDvEBKtCzikM, 105, 1, 593489.98059685, 3.09964748
773, 172699, 172434, 1638112681, MmQJAAahF81YdST6i5vkUiSKhtnsTJtpRWz, 7000, 1, 600489.98059685, 206.64316583
774, 172717, 172452, 1638113366, MmaJ2tfSchbPCks8sGZDnp2fsKhmfNEJQCm, 10, 1, 600499.98059685, 0.29520452
775, 173434, 173166, 1638136093, MmNCXReEaFeMsFdBtrEqKqB1ryk5QLG7kMv, 1000, 1, 601499.98059685, 29.52045226
776, 174071, 173799, 1638154867, MmRoZpTtobGMyGSYd6mckwrou4s9YLbCdDG, 200, 1, 601699.98059685, 5.90409045
777, 174093, 173819, 1638155379, MmZmBgsAELGUC1F6wn5jDC6h9HghKCCFphJ, 250, 1, 601949.98059685, 7.38011306
778, 174359, 174078, 1638162968, MmTTG8NT2oL4k9Gq62qWqn2G7fTf1RfU1LC, 200, 1, 602149.98059685, 5.90409045
779, 174453, 174166, 1638165624, MmWoE96zsR74Zc9UA1ga1GtafMESbXztgpz, 13, 1, 602162.98059685, 0.38376587
780, 174484, 174197, 1638166366, Mmf6Ez1qWZtnfLjcDKFdom8URzcchgMBcnZ, 300, 1, 602462.98059685, 8.85613567
781, 174752, 174448, 1638173665, MmRkXg5qgLu2CcjKVLSvEHWY29FmY3iAkAM, 800, 1, 603262.98059685, 23.61636180
782, 174921, 174609, 1638178266, MmLJ3z2z5uMrvKejdtivNax3kdU81Go1DMP, 1000, 1, 604262.98059685, 29.52045226
783, 175117, 174796, 1638184089, MmgMtHR4vD9uCQm18yMCN2CJuBnGVBXQhzN, 500, 1, 604762.98059685, 14.76022613
784, 176722, 176380, 1638231941, MmcMivpY8AX5gqieDHchQTa5G1qMQr2ZDye, 90, 1, 604852.98059685, 2.65684070
785, 176744, 176400, 1638232762, MmfjeaNYhXw41HSCWM4MukFKhfYYhsUe86S, 500, 1, 605352.98059685, 14.76022613
786, 176907, 176559, 1638237100, MmX5a4NG8SJKTyPrMeUtXAX1s8j6ZhCmm7J, 400, 1, 605752.98059685, 11.80818090
787, 177204, 176842, 1638246000, MmVYoG5hQ5ANTvSb5y7LpzrXQf2d1e61qQr, 590, 1, 606342.98059685, 17.41706683
788, 177232, 176869, 1638246646, Mmf6Ez1qWZtnfLjcDKFdom8URzcchgMBcnZ, 350, 1, 606692.98059685, 10.33215829
789, 177403, 177029, 1638250996, MmbyzgUMHJeiHfhgUWpghdKpUDb7DkyXRqt, 1000, 1, 607692.98059685, 29.52045226
790, 177480, 177104, 1638253392, Mmd1atJj7xbG6HsA4SB4fqsU54hfw67VeWu, 2500, 1, 610192.98059685, 73.80113065
791, 178164, 177736, 1638271596, MmPnWZw83eqTZ3CHkSp2HpDkFC8eRkPVvbd, 456.9997, 1, 610649.98029685, 13.49083782
792, 178175, 177747, 1638272007, MmVgphtxfoRUF8u5Nf67Hw7HRxMgCikGj4f, 501, 1, 611150.98029685, 14.78974658
793, 178580, 178100, 1638283278, MmRfFzZ9GGF8qzQj59tPVDGmGKwkbVExxdd, 100, 1, 611250.98029685, 2.95204522
794, 178595, 178113, 1638283765, MmMmBbMWsJGbYQxvra9zSVz9d34Q4E4QtPE, 1000, 1, 612250.98029685, 29.52045226
795, 180016, 179469, 1638324167, MmXibkAdsoPqwVbRfFyXtGQW9FTVYpKfZt5, 500, 1, 612750.98029685, 14.76022613
796, 180020, 179473, 1638324325, MmiJXHQqfMh2mbSJ9ChC2xdzinx9sm7NFgM, 5, 1, 612755.98029685, 0.14760226
797, 180060, 179508, 1638325313, MmeiXa6QCgXPFxJS1n2RkxNf4zYTfcyPfYd, 500, 1, 613255.98029685, 14.76022613
798, 180080, 179526, 1638325870, MmXgJFd9FCrZd7YvNMvxi53Cof4FkcuhDAK, 500, 1, 613755.98029685, 14.76022613
799, 180231, 179652, 1638329717, MmdR4wFRXWCRbfAkTaNjk1vYSVLHwmSdhX5, 6, 1, 613761.98029685, 0.17712271
800, 180530, 179922, 1638337929, MmcMivpY8AX5gqieDHchQTa5G1qMQr2ZDye, 100, 1, 613861.98029685, 2.95204522
