Number Order Height Address Amount(Meer) ComProfit(Meer)
1197 382572 360150 MmhBbQniXFgB12aCap9hu2q1UHaJFQFuNtP 499.00000000 46.74913478
1198 382584 360159 Mmf6Ez1qWZtnfLjcDKFdom8URzcchgMBcnZ 500.00000000 46.84282042
1199 382587 360162 Mmd8BAo6XhTrgq41joPbeuqiWWG4qHbUwm7 499.00000000 46.74913478
1200 382682 360240 MmSif49K5LkJnvkaLLDVBvFYFViFnEi4iSK 181.00000000 16.95710099
1201 382690 360246 MmgSuw7uHMZves6K5UAE6wL1niMENMxGXge 1236.29648766 115.82322872
1202 382929 360459 MmhTJ8XmAC33m2wCa1wgQg7BT4SBsBxPyFM 513.33000000 48.09165001
1203 383014 360535 Mmgysbae5q8DMRC5sWFpR7bX8QuVaYgYqfY 45.00000000 4.21585383
1204 383615 361056 MmbqCrqt2kZCM3j1ax1Fp15N6sH7HbG3Dtj 100.00000000 9.36856408
1205 383973 361372 MmMZFPMZ3KYMzj6EXQjckQvKqz3SC6t4vDF 1000.00000000 93.68564084
1206 384123 361497 MmdQV9FXLy1xQGJ6aLFgLPLUNceJ94L2p81 2000.00000000 187.37128169
1207 384147 361521 MmdQV9FXLy1xQGJ6aLFgLPLUNceJ94L2p81 1000.00000000 93.68564084
1208 384906 362226 MmQ3RFahCMqY56WuUWRcMtePj9tE4VAPnGC 1000.00000000 93.68564084
1209 385725 362972 MmRPGSpUighToTg2zrzR2ar4x2ftYHP9SxE 2500.00000000 234.21410212
1210 385814 363053 MmRovVyMfB5diuUNaLNVZYpH98jkpG574ye 78.00000000 7.30747998
1211 385841 363077 MmSif49K5LkJnvkaLLDVBvFYFViFnEi4iSK 205.00000000 19.20555637
1212 386043 363259 MmTPK6dF4rTF74M1XRR82aqNxjN6mNroev8 31.00000000 2.90425486
1213 386136 363346 MmP1Uj7hcLxkSdjamxpsSKmrFQzjHaEid7e 79.00000000 7.40116562
1214 386179 363387 MmhbU4qoj3tabg7XkENevyrFxqCmZPLF9Cc 100.00000000 9.36856408
1215 386330 363534 MmSBoy37jGkkMTE1sk7L9KfVqrFm8khf71W 1200.00000000 112.42276901
1216 386838 363978 MmfBSxK6o4hzTXArtvtfwURvLkcEL2mdEDx 20.00000000 1.87371281
1217 386988 364100 MmVbvn9P4Smekscv9JAcfMd1tUa6fkPey1Q 6322.93000000 592.36774908
1218 387483 364544 MmMZFPMZ3KYMzj6EXQjckQvKqz3SC6t4vDF 1000.00000000 93.68564084
1219 389071 366041 MmSif49K5LkJnvkaLLDVBvFYFViFnEi4iSK 258.00000000 24.17089533
1220 389103 366072 MmY8pvY7CW5RcQxCGHZx7qNbPWhHEhovNdB 1000.00000000 93.68564084
1221 389905 366816 MmguKTvDdpq668U4DfsUFZXVBYjKYbha5pn 460.00000000 43.09539479
1222 389976 366883 Mmd8BAo6XhTrgq41joPbeuqiWWG4qHbUwm7 2000.00000000 187.37128169
1223 390861 367687 MmUPsjLfKK67CNr9BLhczAeF2mY3k8UW5bb 1000.00000000 93.68564084
1224 392123 368809 MmbQssY1M8xcgJRdXM5pB8CJXJhGLCJh7fk 175.00000000 16.39498714
1225 392127 368813 MmbQssY1M8xcgJRdXM5pB8CJXJhGLCJh7fk 44.00000000 4.12216819
1226 392487 369143 MmcME6M5nRLxuqq4QUWNyJ9hHivXPLyBey2 303.37608360 28.42198281
1227 392676 369309 MmW3JBbvN31ZqjuV4B2HcPKaW1fzWKPE6ct 319.00000000 29.88571943
1228 392859 369489 MmX5a4NG8SJKTyPrMeUtXAX1s8j6ZhCmm7J 1000.00000000 93.68564084
1229 393465 370050 MmSif49K5LkJnvkaLLDVBvFYFViFnEi4iSK 261.00000000 24.45195226
1230 394013 370554 MmN3naE5eGGaveXQxvgWs3mnwDvSegyUeey 1000.00000000 93.68564084
1231 394726 371233 MmNSmWkZHzoXTnPgKFe5qvRZjuCS6aXkPaY 113.00000000 10.58647741
1232 394733 371240 MmirLJXnA5nA8Eih6nQntcm88xCgWDux78w 3000.00000000 281.05692254
1233 395064 371535 MmNCXReEaFeMsFdBtrEqKqB1ryk5QLG7kMv 2000.00000000 187.37128169
1234 395128 371587 MmSif49K5LkJnvkaLLDVBvFYFViFnEi4iSK 260.00000000 24.35826662
1235 395425 371863 MmMP7qSXAUak3SyzEtALtd7HH9FZzNxi6qZ 500.00000000 46.84282042
1236 395940 372313 MmYi8hbQgRuETCeiAbjrCK5KP93bEPEMf6g 1403.00000000 131.44095411
1237 396403 372721 MmVka7EtUVq8u8wNqmBor4nBui7SpAUk9Gt 1000.00000000 93.68564084
1238 396439 372751 MmcAXiANTNbPppzvzt146E75sxEfKKoSear 334.00000000 31.29100404
1239 396571 372871 MmMZFPMZ3KYMzj6EXQjckQvKqz3SC6t4vDF 1000.00000000 93.68564084
1240 398226 374375 MmbQssY1M8xcgJRdXM5pB8CJXJhGLCJh7fk 91.00000000 8.52539331
1241 398265 374409 MmXHbwV4PVRhnfPYA2Zqa4af7MJsZH3HuuK 50.00000000 4.68428204
1242 398376 374496 MmSif49K5LkJnvkaLLDVBvFYFViFnEi4iSK 268.00000000 25.10775174
1243 398653 374742 MmWfJwxGM1U3uTUGyHYeiBJn9vLTVsh3N8p 400.00000000 37.47425633
1244 398694 374778 MmefBoxbSgopsKZgzCfPp7JdbfNki3Kx9Q3 1260.00000000 118.04390746
1245 398870 374926 MmazENqv1mU9sy3C3VgKNUiVKAi2ewyZWiE 500.00000000 46.84282042
1246 398886 374937 MmRPGSpUighToTg2zrzR2ar4x2ftYHP9SxE 1000.00000000 93.68564084
1247 399171 375193 MmNviYQthctB9tmME78AW2nprJCCpqTptw7 750.00000000 70.26423063
1248 399229 375238 MmVka7EtUVq8u8wNqmBor4nBui7SpAUk9Gt 1000.00000000 93.68564084
1249 399239 375247 MmWcNTNtqVU5b7LTQ4F4zPQESPsc5tRtMAd 1000.00000000 93.68564084
1250 399246 375254 MmQKu9HbTos6gD4wR2deErWTXdjR55vM3Sp 500.00000000 46.84282042
1251 399413 375414 MmRnJ2VuUp18QsoyDMdruPaewirB8isMUc2 1500.00000000 140.52846127
1252 399510 375496 MmYi8hbQgRuETCeiAbjrCK5KP93bEPEMf6g 180.00000000 16.86341535
1253 400412 376298 MmSXTLNDuyNULDhhzb3JoxgJMjDtGSfGjER 500.00000000 46.84282042
1254 400429 376314 MmZAuxsoFaA42FRXx3kdJ8FqsjKTUhHGJji 40.00000000 3.74742563
1255 401510 377308 MmLixvJUufpqjNtMCoEfo2pe2R1r7Pz1inA 200.00000000 18.73712816
1256 401560 377351 MmNHWpf81ESPKnXZqRT89nhDaxZVLMa7ZYE 120.00000000 11.24227690
1257 401798 377562 MmcAXiANTNbPppzvzt146E75sxEfKKoSear 258.00000000 24.17089533
1258 402104 377815 Mmbet8UhP7YSEnz2qUqFJEzxVx2avaPPSdH 2000.00000000 187.37128169
1259 402248 377937 MmgqW999BEJQG4TgnpLQQghmM1NVVJWsjVy 100.00000000 9.36856408
1260 402292 377980 MmhTJ8XmAC33m2wCa1wgQg7BT4SBsBxPyFM 1801.00000000 168.72783916
1261 402344 378029 MmLGSSYQh13BGBh6bGGmvpKRbYVUoJnxmqc 400.00000000 37.47425633
1262 402421 378093 MmhczbvAAGh9NkQt95XgaUtVSjCYjUGURv3 5000.00000000 468.42820424
1263 403091 378653 MmQ3RFahCMqY56WuUWRcMtePj9tE4VAPnGC 500.00000000 46.84282042
1264 403195 378748 MmheZL6SN8RhzTtLdN4bhK7GXCZCbNmvVyY 400.00000000 37.47425633
1265 403294 378839 MmRE1R5jU7u6vFb8CwULBDVrZwM8Mrt3X8T 55.00000000 5.15271024
1266 403417 378947 MmMPh1pauGG3k93ZSkgbyEsoM6iEQwowR6o 950.00000000 89.00135880
1267 404153 379642 MmWfJwxGM1U3uTUGyHYeiBJn9vLTVsh3N8p 0.40000000 0.03747425
1268 404557 380009 MmRM4HV7enwP695pwXL3p7fxb4p428RJHeQ 3120.00000000 292.29919944
1269 404658 380096 MmW3JBbvN31ZqjuV4B2HcPKaW1fzWKPE6ct 335.00000000 31.38468968
1270 404713 380146 MmiJXHQqfMh2mbSJ9ChC2xdzinx9sm7NFgM 1700.00000000 159.26558944
1271 405294 380655 MmRPGSpUighToTg2zrzR2ar4x2ftYHP9SxE 2100.00000000 196.73984578
1272 406367 381579 MmSZvw9EB3coNs7FBEy1tYtSYs9pWEMCHrZ 2600.00000000 243.58266620
1273 406455 381652 MmWfJwxGM1U3uTUGyHYeiBJn9vLTVsh3N8p 440.00000000 41.22168197
1274 406515 381706 MmbWS3CimuWwveKfhToxEMyUdHHjbXgSFvb 500.00000000 46.84282042
1275 408102 383141 MmLmALtdu15hVzn9zpXN18rrw1RPfNsJ2mW 60.00000000 5.62113845
1276 408134 383172 MmcAXiANTNbPppzvzt146E75sxEfKKoSear 163.00000000 15.27075945
1277 408201 383231 MmWfJwxGM1U3uTUGyHYeiBJn9vLTVsh3N8p 1000.00000000 93.68564084
1278 408316 383333 MmTcWSYjy6UeZHjR5mvWSLHfoTPvKxDdcQ5 500.00000000 46.84282042
1279 408721 383688 MmTVd14g5UkbvBJcTYeaR14tx2nSQT97bbN 747.90000000 70.06749079
1280 408834 383781 MmRVVBWNn2td24Lp4yPwd5w9peqNfxZBVWn 500.00000000 46.84282042
1281 409532 384363 MmSrFiaWL6zZJwKVgdcddKZ9N75ZReXBHxV 200.00000000 18.73712816
1282 409607 384423 MmfjeaNYhXw41HSCWM4MukFKhfYYhsUe86S 1000.00000000 93.68564084
1283 409750 384544 MmaXQdHQSMYa1xCgYTvvsvpShbeRP52fz1p 1000.00000000 93.68564084
1284 409766 384559 MmTPK6dF4rTF74M1XRR82aqNxjN6mNroev8 40.00000000 3.74742563
1285 410722 385367 MmMKfVnyXoEPoDVhHEHZBf9z5CuXJv4DXAi 4096.00000000 383.73638491
1286 411323 385888 MmcwRUoNgN9MHsSvpGKsNZdim1cDnwSSnTf 7262.00000000 680.34512384
1287 411469 386002 MmQ3RFahCMqY56WuUWRcMtePj9tE4VAPnGC 1700.00000000 159.26558944
1288 411593 386110 MmY5p5ztUkmy7S5ybd8yERsXYgVntvY2FjC 1000.00000000 93.68564084
1289 411735 386232 MmgQWnwy8GoyCPeAXCKxf85kqa6Ma4fEvEr 500.00000000 46.84282042
1290 411742 386238 MmUoK7TCKdzfZLNGZggxaMhDdhuDs4w6Gdf 109.00000000 10.21173485
1291 411766 386256 MmWTpvy4CCGsJrqMx4jquAz4sTiyZ3deDiE 50000.00000000 4684.28204242
1292 411911 386370 MmfSJEAoDbjFzvSZoVVEuCtTCiuxm6QBCeR 200.00000000 18.73712816
1293 412068 386491 MmPNBS97azTNu6GPvZPhpQZSpBvz4ARb8AU 590.00000000 55.27452810
1294 412982 387218 MmX5sTQABQa7g7PzpHzt51ddnE1bK9D1W1H 100.00000000 9.36856408
1295 414677 388632 Mma84KVNJ1GH79uswDCyc5rUijzbrErD15q 1000.00000000 93.68564084
1296 414903 388798 MmcAXiANTNbPppzvzt146E75sxEfKKoSear 120.00000000 11.24227690
1297 415851 389560 MmZKUSnb4oGQALYNkfC4buKYRvKXXpWC8Qp 235.00000000 22.01612559
1298 416254 389875 MmUfVMCCevLnXpjn8bydxcVjeH45tQN9AQa 1000.00000000 93.68564084
1299 416501 390080 MmRdV7ikUvP2hJQicvaG5jFgFMDv2PbCVer 1000.00000000 93.68564084
1300 416589 390145 MmhTJ8XmAC33m2wCa1wgQg7BT4SBsBxPyFM 500.00000000 46.84282042
1301 416943 390453 MmTZBnj71YCHqM491VQDhDHn3Z3kZrQBx5f 100.00000000 9.36856408
1302 417747 391134 MmhbU4qoj3tabg7XkENevyrFxqCmZPLF9Cc 100.00000000 9.36856408
1303 418045 391398 MmPzhyFbmWPDzgA5DcTkq7CGdwcFgTzQyiM 438.00000000 41.03431069
1304 418045 391398 MmRirryujF3XKkQkh2BUEDui5eVgri6B5B3 500.00000000 46.84282042
1305 418288 391596 MmQKGoz3GPgCEjVJaAiTMa5HEBoRtqEo2Yz 1000.00000000 93.68564084
1306 418942 392129 MmWgKrQS1gWPempAVfqBZpUwxCkPF4jsEps 70.00000000 6.55799485
1307 419319 392419 MmRRTT11wPL2mQxiCmdza9WAm9snzXR8Mcy 1000.00000000 93.68564084
1308 420218 393133 MmVzw5dnSmwKwYozUzBEC4zyLi2QS8c4zRB 1.00000000 0.09368564
1309 420328 393212 MmKyXQezZsz2MfHfojkJeuxhPKd2Cyy96L6 1000.00000000 93.68564084
1310 422225 394699 MmcwRUoNgN9MHsSvpGKsNZdim1cDnwSSnTf 1500.00000000 140.52846127
1311 422973 395289 MmRADFuFtL9oGty49b4GopUqri18az7KJ1k 1000.00000000 93.68564084
1312 423013 395319 MmWSXnMoxiZuma4D7TYpQZ6uLFYpiXa8c8X 76.00000000 7.12010870
1313 423015 395321 MmXeif56ycJBmgfLcRaiSkaWeseBx3P7Pn2 233.00000000 21.82875431
1314 423040 395342 MmXZG2cwZDTN5xVF3XV9enUBe7eRB2K2cmC 1499.80000000 140.50972414
1315 423049 395348 MmXeif56ycJBmgfLcRaiSkaWeseBx3P7Pn2 619.00000000 57.99141168
1316 423082 395373 MmiGVLbmtnCQMMPMZk9iLpLdMf2HQJ463GT 500.00000000 46.84282042
1317 423390 395587 MmU1Bqzx4QvAn7gHRTwk9W3BvsvtSKsL9uq 50.00000000 4.68428204
1318 425280 397070 MmXZG2cwZDTN5xVF3XV9enUBe7eRB2K2cmC 1500.20000000 140.54719840
1319 425762 397448 Mmgeu6XBPtyK5quKmqNij3Uytxpicx4Lerx 5000.00000000 468.42820424
1320 425979 397609 MmgGhzPY9zrdt1DNsf1dEWFyv6veSrVK5D7 500.00000000 46.84282042
1321 425982 397610 Mmd8BAo6XhTrgq41joPbeuqiWWG4qHbUwm7 2500.00000000 234.21410212
1322 425989 397616 MmiiH3JnJNmCF4BrazeQdFoR17c9EwodBQY 1062.00000000 99.49415058
1323 426007 397629 MmSz1vjJ6k1LBFux5qFKbj7VvYdTAv9meZN 1833.54000000 171.77636992
1324 426019 397638 Mmf1f84optEfEdcVGK4io2CVVhR8QkxvRw8 619.00000000 57.99141168
1325 426022 397641 MmRH8umih1qNHKJiqTPMcA2qMjrZ6GaLsdo 1499.41000000 140.47318674
1326 426027 397644 MmLeUdRvw2dVffftCb8J8Lz2GFFGFh1xd6e 739.54000000 69.28427883
1327 426028 397645 MmS2cQ1jryzsWVRTuSedp1M7iedux2jC2Ap 2799.91000000 262.31136266
1328 426030 397647 Mma1hibHZ2P6vjmZbmbGqm6v9XLRgfsRdmZ 5609.95000000 525.57176087
1329 426039 397654 MmbUYScPuVrAbAS4MFsnynEsPWV8LgwePNR 5000.00000000 468.42820424
1330 426050 397662 MmbUYScPuVrAbAS4MFsnynEsPWV8LgwePNR 767.99500000 71.95010374
1331 426051 397663 MmSrsRjG1g5NkrpuKvnu6LgAHhNhbBzeAdd 2485.99955300 232.90246127
1332 426056 397666 MmbQN46qRuTPd1tHYwcaFjf2GeVQNThxVvA 2890.99100000 270.84434452
1333 426057 397667 MmZ59ydcxHjtwVFwvr7wGJ3Hssz7Htg4AXY 3283.00000000 307.56995890
1334 426059 397668 Mmg2bUcs1YxmUJrtFveLzKAoaphHTc3L8ue 2644.00000000 247.70483440
1335 426060 397669 MmRh7t3wWaGLNFbLfB7217UggX1pvtTV1eJ 2516.00000000 235.71307237
1336 426060 397669 MmgZ6UscAyG8nUPinu8VrzCfJAyBFjBgWiN 1400.00000000 131.15989718
1337 426062 397670 Mmet9UREwuMwmHAPWk1Zx83epMjEk4UQGCD 2299.00000000 215.38328831
1338 426064 397671 MmfL4yAVcs8LdVoNyenRdpgVHTTZs87HaLW 2199.00000000 206.01472422
1339 426065 397672 MmLmrfypQRTERf2fy9HXAmHATFhgS9ESAhw 1600.00000000 149.89702535
1340 426066 397673 MmgxyWhRR6witCPe58jRr9PifkyNxMPsNrt 1049.00000000 98.27623725
1341 426214 397800 MmUng4CfY4RV9mKiWUG9S9A6x8YRDmabBCy 454.00000000 42.53328094
1342 426216 397802 MmcXsT3NSAyQmmacrBuYtUeMH3pqiYABCpC 3000.00000000 281.05692254
1343 426453 397973 Mmg746Tp5gyHZvpi4kdETv8A6Z7NtbEPn2z 200.00000000 18.73712816
1344 426537 398036 MmRPGSpUighToTg2zrzR2ar4x2ftYHP9SxE 1760.00000000 164.88672789
1345 426636 398115 Mma84KVNJ1GH79uswDCyc5rUijzbrErD15q 1000.00000000 93.68564084
1346 426675 398149 MmXeif56ycJBmgfLcRaiSkaWeseBx3P7Pn2 1000.00000000 93.68564084
1347 426684 398155 MmXeif56ycJBmgfLcRaiSkaWeseBx3P7Pn2 500.00000000 46.84282042
1348 426875 398286 MmVhPmodhV1q2HjLXWoZ7d9mYLUC2TnYe72 605.00000000 56.67981271
1349 426890 398296 MmMbT3JoobT69zQFcW7TsybF92dKpXe8SJq 1500.00000000 140.52846127
1350 426967 398359 MmWgKrQS1gWPempAVfqBZpUwxCkPF4jsEps 45.00000000 4.21585383
1351 427159 398512 MmW3JBbvN31ZqjuV4B2HcPKaW1fzWKPE6ct 1124.00000000 105.30266031
1352 427354 398652 MmXhimpYtVC62sPEHGEipmRct4WUPJab4rK 300.00000000 28.10569225
1353 427374 398667 MmSz1vjJ6k1LBFux5qFKbj7VvYdTAv9meZN 320.00000000 29.97940507
1354 427377 398669 MmTtM5vfRHFVP5VwVNedxxurnL3wh4f1Aqc 128.00000000 11.99176202
1355 427554 398802 MmYoGFjrcf4iULoCGbv5JSSBiGnqdo6ztaL 937.00000000 87.78344547
1356 427571 398817 MmhTJ8XmAC33m2wCa1wgQg7BT4SBsBxPyFM 1800.00000000 168.63415352
1357 429538 400372 MmW3JBbvN31ZqjuV4B2HcPKaW1fzWKPE6ct 1094.50000000 102.53893390
1358 429695 400484 MmTj8G6QyrAJhunACnLJAz1XQahwLYHyuvN 400.00000000 37.47425633
1359 429840 400588 Mmd6TXvV5HYrJuw2C7drbGHCjtaDtxLFcnL 509.00000000 47.68599119
1360 429895 400626 MmTPK6dF4rTF74M1XRR82aqNxjN6mNroev8 31.00000000 2.90425486
1361 429990 400702 MmhhdUaTsMca89BYSKoq6neKQKfovCi3LUN 3959.00000000 370.90145211
1362 430212 400867 MmcL67wNb45u6sHMVQKj6E9WFNWKrEfghBJ 1500.00000000 140.52846127
1363 430214 400869 Mmi5R7tDVUpENT6jVfckHkuQ64U8G9BpChS 754.45000000 70.68113173
1364 430218 400872 Mmf1f84optEfEdcVGK4io2CVVhR8QkxvRw8 1341.99100000 125.72528684
1365 430227 400881 MmU3s4gqwsETvvtKy3KVa7U9PsU8fz6QDHj 3099.95000000 290.42080234
1366 430603 401169 MmVBSibBfxFLMvrGKNoTD6VJWGYMmDxXEQj 3850.00000000 360.68971726
1367 430723 401255 MmUoK7TCKdzfZLNGZggxaMhDdhuDs4w6Gdf 155.00000000 14.52127433
1368 430745 401270 MmX5sTQABQa7g7PzpHzt51ddnE1bK9D1W1H 100.00000000 9.36856408
1369 433226 403203 MmLJ3z2z5uMrvKejdtivNax3kdU81Go1DMP 3000.00000000 281.05692254
1370 433333 403279 MmTiSuYqgn53iTQjU2iMSVEhfq5JFie74ge 1500.00000000 140.52846127
1371 433343 403285 MmW3JBbvN31ZqjuV4B2HcPKaW1fzWKPE6ct 1125.30000000 105.42445164
1372 433345 403287 MmaaU8xuminEv1U6EaDSpoMXd9VeahdmmB7 400.00000000 37.47425633
1373 433601 403462 MmcAXiANTNbPppzvzt146E75sxEfKKoSear 269.00000000 25.20143738
1374 434393 404089 MmXCRpBy2PuGiG282YrNV8TnnydMXYbY6hN 500.00000000 46.84282042
1375 436770 405949 MmW3JBbvN31ZqjuV4B2HcPKaW1fzWKPE6ct 1000.00000000 93.68564084
1376 437063 406178 MmZmBgsAELGUC1F6wn5jDC6h9HghKCCFphJ 2061.00000000 193.08610578
1377 437125 406219 MmcAXiANTNbPppzvzt146E75sxEfKKoSear 175.00000000 16.39498714
1378 437596 406577 MmU1PUu5kwzEnFYUtAFtTbRY6nBinXApEFe 1999.00000000 187.27759605
1379 437636 406609 MmT9wChLYSjadTkGpXpqVCXrdUk5bdh3MEm 830.00000000 77.75908190
1380 437854 406792 MmUmmioxptBBkYgLhBKgPdKJN4ra58FZGQB 474.04800000 44.41149067
1381 441144 409356 MmWgKrQS1gWPempAVfqBZpUwxCkPF4jsEps 60.00000000 5.62113845
1382 441248 409423 MmSrsRjG1g5NkrpuKvnu6LgAHhNhbBzeAdd 3899.10000000 365.28968223
1383 441553 409656 MmhufLtTEgyMrYS96gE1nsK1em7FvgE6hy1 1499.00000000 140.43477563
1384 441577 409673 MmXJAhGMisGsirRgbyrpJrK9kncqWgYMfmW 117.99000000 11.05396876
1385 441616 409709 MmSv1BDDfPsixGCntDqKPcMBYZ3qdCoTQzy 1000.00000000 93.68564084
1386 441647 409733 MmeUax3dFxWp43EwFEvRE7nZgYgUYSmN88v 1098.00000000 102.86683365
1387 441705 409779 MmQqwwALVWhzUf8cE1jo82Uhc314Kw3Pdvv 939.00000000 87.97081675
1388 442199 410137 MmXfiNSgk4UtedC28nfcywr7qDvoPnKAa28 500.00000000 46.84282042
1389 442288 410207 MmdUYVcpbZviqhfmpECjibiahC7D9bhEMpg 1500.00000000 140.52846127
1390 444228 411745 MmcAXiANTNbPppzvzt146E75sxEfKKoSear 193.00000000 18.08132868
1391 444279 411786 MmTPK6dF4rTF74M1XRR82aqNxjN6mNroev8 31.00000000 2.90425486
1392 444661 412083 MmSz1vjJ6k1LBFux5qFKbj7VvYdTAv9meZN 634.00000000 59.39669629
1393 445132 412444 Mmd6TXvV5HYrJuw2C7drbGHCjtaDtxLFcnL 505.00000000 47.31124862
1394 445194 412498 MmYoGFjrcf4iULoCGbv5JSSBiGnqdo6ztaL 188.00000000 17.61290047
1395 445377 412643 MmPzyeJab8tgsDEJcTB9NUpGc2p2w7MaRsC 300.00000000 28.10569225
1396 446150 413228 MmMQFx2kv4PwRovX1uuQWd4cj9CKe3DcUfC 1200.00000000 112.42276901
1397 446429 413421 MmY41GffRytxtGhtDibBAUd9qk9q9YPcFHg 2000.00000000 187.37128169
1398 447406 414205 MmW3JBbvN31ZqjuV4B2HcPKaW1fzWKPE6ct 1200.00000000 112.42276901
1399 447855 414542 Mme5ZnNHzE9GVji2td6Y5x5exPkVDHLYb2Q 501.00000000 46.93650606
1400 447877 414559 MmebVVW9FsvRL8sXeJLkrFT7DTTvtY3MUfU 501.00000000 46.93650606
1401 447877 414559 MmebVVW9FsvRL8sXeJLkrFT7DTTvtY3MUfU 501.00000000 46.93650606
1402 448052 414703 MmfvxtLu4JxDSt73L2taDqcPgGTiErCtQcS 500.00000000 46.84282042
1403 448093 414738 MmfvxtLu4JxDSt73L2taDqcPgGTiErCtQcS 500.00000000 46.84282042
1404 448144 414782 MmgjAVnCPMA5zMsuPFKiKqoAwPypZzkyN3X 500.00000000 46.84282042
1405 448151 414787 Mmd2pd1BePuvffqgiwYDq8m6bGxw8PH2Y8D 500.00000000 46.84282042
1406 448156 414790 MmNn931swqwFwQnzydeVWB7S4adwsMbU2Nw 500.00000000 46.84282042
1407 448255 414870 MmMQFx2kv4PwRovX1uuQWd4cj9CKe3DcUfC 800.00000000 74.94851267
1408 448284 414893 MmRdxJL4GKz6VmT966yF5tny7pgu6DAxdJt 501.00000000 46.93650606
1409 448303 414907 MmfRpGz4XYyFyVuo5EUeKQgjKg1MtiYEdN5 501.00000000 46.93650606
1410 448309 414912 MmeRNMEHRgRBmDhbEvNeLpqSq4gLs6NoGEf 500.00000000 46.84282042
1411 448464 415031 MmZUGfS89SeZ265LqSBpHZRrFKMuKjRGjVR 500.00000000 46.84282042
1412 448545 415096 Mmb9fgf1vydTBHqF18SfwaHhWJ7NjYMwAmL 501.00000000 46.93650606
1413 448558 415105 MmWgKrQS1gWPempAVfqBZpUwxCkPF4jsEps 61.00000000 5.71482409
1414 448595 415133 MmPVnee3txzJ4sjoJGv7JMpbYyoUsMi91zz 124.00000000 11.61701946
1415 448644 415164 MmNDZMmzpSNbfNdQyarRwm3wJJLh9Yx2hxs 500.00000000 46.84282042
1416 448840 415308 MmfvxtLu4JxDSt73L2taDqcPgGTiErCtQcS 500.00000000 46.84282042
1417 448990 415416 MmXiUWVkmbeh2QBjsHZHqNAfh29d7efs3qN 675.00000000 63.23780757
1418 449043 415459 MmLWsurchYHZ3tuTKnRM3wVF3NHUgdW3zyc 502.00000000 47.03019170
1419 449073 415481 MmXiUWVkmbeh2QBjsHZHqNAfh29d7efs3qN 963.00000000 90.21927213
1420 449104 415504 Mmcg2t9aq7NpvHUxoBSbnmZiifeQGQNfZAQ 500.00000000 46.84282042
1421 449104 415504 MmXeif56ycJBmgfLcRaiSkaWeseBx3P7Pn2 500.00000000 46.84282042
1422 449111 415506 MmSBoy37jGkkMTE1sk7L9KfVqrFm8khf71W 400.00000000 37.47425633
1423 449165 415551 MmaESt7X9UGJHYaQSwAgi17Dj9igFracKZd 285.00000000 26.70040764
1424 449200 415580 Mmf278Pr527KSpwKawkCLoVMTUYKVi6gjji 550.00000000 51.52710246
1425 449270 415634 MmLf5X1zzjnMGWYMnRgq42RYRfNqPEBbak6 500.00000000 46.84282042
1426 449325 415677 MmLf5X1zzjnMGWYMnRgq42RYRfNqPEBbak6 500.00000000 46.84282042
1427 449352 415700 MmVi95Dzy1RPRZbRk2Q2apVpKXsFZ6qNDNK 500.00000000 46.84282042
1428 449362 415709 MmbAGWRCnhPBufN3VX8V45bvvAHsbdr9WBJ 500.00000000 46.84282042
1429 449446 415773 MmdQiYMFNcTz7U4PsNw4Z5imUcYHQdWX27K 501.00000000 46.93650606
1430 449515 415827 MmdQiYMFNcTz7U4PsNw4Z5imUcYHQdWX27K 500.00000000 46.84282042
1431 449577 415873 MmT2KUn6cDUb6mdYdA5YyNfAoywFUA3pKS2 501.00000000 46.93650606
1432 449587 415880 MmMMc8srGxzzuadc87YeUkaK7bx7mP6jerK 500.00000000 46.84282042
1433 449630 415908 MmbP5sZDPaFfgVmYJzMQK1tVNkXha7B4HHe 500.00000000 46.84282042
1434 449636 415913 MmPS6u16PH9qGTY1vQe5DREHMjH533n67Hd 502.00000000 47.03019170
1435 449642 415918 MmeC1cvygxTnaYScQ4yx7HMxtu8p8cbtohG 502.00000000 47.03019170
1436 449672 415939 Mmez4o5nLtSk22TYUTSMK5FQ26Ex422V5fb 511.00000000 47.87336247
1437 449683 415945 MmeC1cvygxTnaYScQ4yx7HMxtu8p8cbtohG 502.00000000 47.03019170
1438 449683 415945 Mmez4o5nLtSk22TYUTSMK5FQ26Ex422V5fb 511.00000000 47.87336247
1439 449718 415971 MmPS6u16PH9qGTY1vQe5DREHMjH533n67Hd 500.99900000 46.93641237
1440 449822 416046 MmYY94wT9QPBeBXBa5GwR7TrVTak1goU15j 500.00000000 46.84282042
1441 449847 416069 MmhdmUeWuCX4w3CuXahgNW1gEUUKAtvWqob 143.00000000 13.39704664
1442 449930 416136 Mmcg2t9aq7NpvHUxoBSbnmZiifeQGQNfZAQ 500.00000000 46.84282042
1443 450116 416284 Mmi2ECZSGj6ieCxLWhEpBH5DbtQPfJpbRH1 500.00000000 46.84282042
1444 450191 416343 Mmi2ECZSGj6ieCxLWhEpBH5DbtQPfJpbRH1 500.00000000 46.84282042
1445 450230 416374 Mmi2ECZSGj6ieCxLWhEpBH5DbtQPfJpbRH1 500.00000000 46.84282042
1446 451259 417203 MmUGfZsBmKc6xaGBvRD8eFW4NoDuvwmkrrp 13318.00000000 1247.70536481
1447 451524 417414 MmMGbx6eEUyvs81upHotWE125kGNX6AeSHr 505.00000000 47.31124862
1448 451635 417497 MmUdTZQK2uEhAtWgZG9jLRTt78ryEAaxEBh 500.00000000 46.84282042
1449 451747 417577 MmecJbb7kuyfrBqMiU5ReLbNAT5VmSs4Ma3 500.00000000 46.84282042
1450 451769 417595 MmQrH9nZPceMUMcrWgeWC1ggRrmgt9TacTw 500.00000000 46.84282042
1451 451778 417602 MmecJbb7kuyfrBqMiU5ReLbNAT5VmSs4Ma3 500.00000000 46.84282042
1452 451789 417610 MmZNJDeyZu7EMJsovsw8UweFiSMWnrUhnPS 500.00000000 46.84282042
1453 451919 417714 MmQqzH8R3GmefJrsF4mtwdkmpw98qFBihZd 3500.00000000 327.89974296
1454 451921 417716 MmPzGAaXC2dHHLGmqyEPuEnzUx1xiLg29GF 1999.00000000 187.27759605
1455 452063 417830 MmdJn6UTjhet52tw7wxMCZpzfcqWQbnSz8s 14647.00000000 1372.21358150
1456 452068 417834 MmeWJKQ2cK1RD15Ar2AjnyRqwHV1ZgAMrdi 499.90000000 46.83345186
1457 452081 417846 MmKud9fDHFZTGdNNHRt6B4cGTZbXMsqz5nm 7985.00000000 748.07984217
1458 452121 417880 MmNkqvsAXgRhqZat549yoDzFxeFjYc1AEhE 199.00000000 18.64344252
1459 452218 417955 Mmap97Ua2FMLDi7W3v6iSHf1ESFtwvoFu2r 500.00000000 46.84282042
1460 452253 417974 MmNt7vjpKxXzRzvWjCRSd2DhAqDG9kDri31 500.00000000 46.84282042
1461 452808 418393 MmKpQjEoUFqLKJ1iHdPaqupedK3baopLCKD 499.99000000 46.84188356
1462 452869 418436 MmUmgQM8jkFWxbdTQ5ajN58mCE79KKQiMpc 500.00000000 46.84282042
1463 452906 418464 MmRiMdsjXV5VwJx5mhCkC6LeauVRvBzDyHL 510.00000000 47.77967683
1464 452929 418481 MmUmgQM8jkFWxbdTQ5ajN58mCE79KKQiMpc 505.00000000 47.31124862
1465 452933 418483 MmfQhsSbK5pyDF44qnsWRMYMMW4c9EFikUb 236.00000000 22.10981124
1466 452954 418499 MmUng4CfY4RV9mKiWUG9S9A6x8YRDmabBCy 500.00000000 46.84282042
1467 452969 418511 MmffFffrfZvyD1ensYdm7MGRUaKk8ugBgFG 500.00000000 46.84282042
1468 453181 418676 MmMXzocAMdDvhJXwuYrbhnyyu6Lsaxt1mrV 550.00000000 51.52710246
1469 453229 418714 MmWxY47gUmSdNtHS2UfdppKZFCuobXzbk7G 500.00000000 46.84282042
1470 453597 418988 MmSDjf7maGpMBQW3xZJecSA92XFMS1M9AUv 500.00000000 46.84282042
1471 454911 420016 MmbP5sZDPaFfgVmYJzMQK1tVNkXha7B4HHe 500.00000000 46.84282042
1472 455302 420303 MmirTBstzGHGBqk8VrACTcNbmGojiwxfNJk 1000.00000000 93.68564084
1473 455352 420345 MmaJ2tfSchbPCks8sGZDnp2fsKhmfNEJQCm 150.00000000 14.05284612
1474 455428 420403 MmgBr3ge79dWgwWtZtfvPtThwZdA3BXAqiX 500.00000000 46.84282042
1475 455446 420415 Mmd8BAo6XhTrgq41joPbeuqiWWG4qHbUwm7 2501.00000000 234.30778776
1476 455584 420507 MmdeKjB16Y6Z3A5JyD4CFU3ciVDMk4CXt1J 500.00000000 46.84282042
1477 455991 420831 MmiJzXoLvoBZiiwMtWLbN2grHRZykRWyzNq 500.00000000 46.84282042
1478 456012 420847 MmYE86kUNiDCLrC21FfQWNXPDCDVu9nHRMm 504.00000000 47.21756298
1479 456047 420875 MmiJzXoLvoBZiiwMtWLbN2grHRZykRWyzNq 500.00000000 46.84282042
1480 456048 420876 MmiJzXoLvoBZiiwMtWLbN2grHRZykRWyzNq 500.00000000 46.84282042
1481 456050 420878 MmiJzXoLvoBZiiwMtWLbN2grHRZykRWyzNq 1000.00000000 93.68564084
1482 456059 420887 MmTiSuYqgn53iTQjU2iMSVEhfq5JFie74ge 600.00000000 56.21138450
1483 456443 421184 MmiJzXoLvoBZiiwMtWLbN2grHRZykRWyzNq 500.00000000 46.84282042
1484 456663 421356 MmRPGSpUighToTg2zrzR2ar4x2ftYHP9SxE 1000.00000000 93.68564084
1485 456670 421360 MmaJ2tfSchbPCks8sGZDnp2fsKhmfNEJQCm 50.00000000 4.68428204
1486 456726 421403 MmRkGkzAtXoyYuP1kvCfxXPk5pGgPgfeKGQ 428.00000000 40.09745428
1487 456749 421421 MmW3JBbvN31ZqjuV4B2HcPKaW1fzWKPE6ct 435.00000000 40.75325376
1488 456917 421550 MmMFATDQF18LKomVbWoQ3pJ3FDBp7xx2zKc 500.00000000 46.84282042
1489 456917 421550 MmiBgWFXQHmKtCU6HFqBwVtChrepxZULJNt 500.00000000 46.84282042
1490 456983 421598 MmPLTR1gSP7ER8f52WriD1sTQMULLf9PnHU 149.00000000 13.95916048
1491 456990 421600 MmRh5FvrsReQ2uLhsnoG7o7j6UM5vRpaVdS 500.00000000 46.84282042
1492 457040 421637 MmXsTU5oA5mYfe2mvPzWifxPdNnuuVjRpms 519.00000000 48.62284760
1493 457430 421941 MmQGopbFdPzpT77efoRCYqPjQbmjnYwnWQc 5001.00000000 468.52188988
1494 457614 422085 MmSDjf7maGpMBQW3xZJecSA92XFMS1M9AUv 2500.00000000 234.21410212
1495 457682 422135 MmQTQTSCoFmWcaDfuNoHuohjD1yLPFJP3gH 500.00000000 46.84282042
1496 458874 423041 Mme5ZnNHzE9GVji2td6Y5x5exPkVDHLYb2Q 588.00000000 55.08715681
1497 459126 423240 MmRbbnDaEC2Ch8RpZgvyhsCZ17oLeJRwcEo 5000.00000000 468.42820424
1498 459384 423447 Mmd66KYj7PgEvjwtySSNPP8ku9eTWy6RoPw 200.00000000 18.73712816
1499 459524 423548 MmaJ2tfSchbPCks8sGZDnp2fsKhmfNEJQCm 53.90000000 5.04965604
1500 459531 423554 MmXeif56ycJBmgfLcRaiSkaWeseBx3P7Pn2 800.00000000 74.94851267
1501 459800 423764 MmdzHdgWDLz1rpDDfK7zZ8VtwDKCZGX88zH 500.00000000 46.84282042
1502 459877 423821 MmdJaFV2ajr64kAL4V1Qt9txHrX2yg5fzNL 1000.00000000 93.68564084
1503 460219 424083 MmKxbzjqUWCN7r14sqLwmVGxbTGcyYaQyqj 44143.00000000 4135.56524397
1504 460256 424114 MmfjeaNYhXw41HSCWM4MukFKhfYYhsUe86S 500.00000000 46.84282042
1505 460291 424139 MmcqpQktRY1B7Agbxb65ddTvrwt1JsAtBP9 500.00000000 46.84282042
1506 460505 424305 MmYUU3KcFHXXe6Z415WLYH31rko6b1eh4wS 17790.00000000 1666.66755069
1507 462309 425671 MmWgKrQS1gWPempAVfqBZpUwxCkPF4jsEps 98.00000000 9.18119280
1508 462362 425704 MmSeJBhxxUcE85LDWt79QCVu5FNM8Y1bnjP 250.00000000 23.42141021
1509 462612 425905 Mma84KVNJ1GH79uswDCyc5rUijzbrErD15q 1100.00000000 103.05420493
1510 462899 426127 MmdeKjB16Y6Z3A5JyD4CFU3ciVDMk4CXt1J 500.00000000 46.84282042
1511 462902 426130 Mma9ezvbzSYNLEXPasWokx1GaoDtUNe1682 105.00000000 9.83699228
1512 462945 426168 MmT9wChLYSjadTkGpXpqVCXrdUk5bdh3MEm 888.00000000 83.19284907
1513 463163 426310 MmT9wChLYSjadTkGpXpqVCXrdUk5bdh3MEm 1000.00000000 93.68564084
1514 463210 426341 MmRovVyMfB5diuUNaLNVZYpH98jkpG574ye 1500.00000000 140.52846127
1515 463395 426481 MmNCXReEaFeMsFdBtrEqKqB1ryk5QLG7kMv 1000.00000000 93.68564084
1516 463701 426729 MmdCfZ9KHivqm7kvo5NnoeXvSNwxgasUN3x 7000.00000000 655.79948593
1517 464164 427094 MmRPGSpUighToTg2zrzR2ar4x2ftYHP9SxE 5000.00000000 468.42820424
1518 464779 427567 MmRC8PPzG8ARu6K6AN3suFfySVYVqs1Grkt 500.00000000 46.84282042
1519 465940 428446 MmRovVyMfB5diuUNaLNVZYpH98jkpG574ye 622.00000000 58.27246860
1520 466095 428568 MmWQ8rC7JkbRLkGU4Q89X1KE7P3h7AxzMm1 1500.00000000 140.52846127
1521 466660 429024 Mmdk1NP19WeYh5ejeGsizroWQ8T4tY49B2R 500.00000000 46.84282042
1522 466682 429040 Mmdk1NP19WeYh5ejeGsizroWQ8T4tY49B2R 500.00000000 46.84282042
1523 466809 429140 MmhWjdm7RkUGtUXk8CEkH3KxaDwJs9WWpv8 85.00000000 7.96327947
1524 467301 429490 MmVka7EtUVq8u8wNqmBor4nBui7SpAUk9Gt 5000.00000000 468.42820424
1525 468021 430059 MmL7wNjicCg6iAWLAnzMuqcXJdRHhzjoSwW 480.99800000 45.06260587
1526 468163 430163 MmdCfZ9KHivqm7kvo5NnoeXvSNwxgasUN3x 4500.00000000 421.58538381
1527 470170 431674 MmaJ2tfSchbPCks8sGZDnp2fsKhmfNEJQCm 462.00000000 43.28276607
1528 470258 431732 Mma84KVNJ1GH79uswDCyc5rUijzbrErD15q 3500.00000000 327.89974296
1529 470549 431940 MmfjZzMqKdAGtcb9Jze9pVrfcmBApUpurUx 200.00000000 18.73712816
1530 470561 431951 MmX9RxuGeZmXFv2R3uGa4SUupEdry9NAJmF 210.00000000 19.67398457
1531 470765 432105 MmcfdtBFY7khGCYRhfoVyyRzMA2Axh7PWMH 500.00000000 46.84282042
1532 470978 432272 MmVka7EtUVq8u8wNqmBor4nBui7SpAUk9Gt 1000.00000000 93.68564084
1533 470988 432280 MmeN9r23sRyEYE11KHe3gDEUmr52y6L6puk 32975.00000000 3089.28400697
1534 470996 432287 MmUfVMCCevLnXpjn8bydxcVjeH45tQN9AQa 1600.00000000 149.89702535
1535 470998 432289 MmRovVyMfB5diuUNaLNVZYpH98jkpG574ye 1000.00000000 93.68564084
1536 471033 432313 MmZKUSnb4oGQALYNkfC4buKYRvKXXpWC8Qp 40.00000000 3.74742563
1537 471037 432317 Mmid1xDcThVT6V1bYecuPqSuVg3jbNmkq1B 13900.00000000 1302.23040779
1538 471237 432476 MmfBSxK6o4hzTXArtvtfwURvLkcEL2mdEDx 50.00000000 4.68428204
1539 471287 432517 MmW3JBbvN31ZqjuV4B2HcPKaW1fzWKPE6ct 510.00000000 47.77967683
1540 471984 433004 MmaktFeNC9wybbwHo3HN8UkZ7RbkytUgzhU 250.00000000 23.42141021
1541 472061 433068 MmZ3xbL1xqAfSJfeEBzNnQSxbDW337szvjX 20000.00000000 1873.71281696
1542 472075 433077 MmT1X5ekNjv683YckV8eLwTohr2KmoFHnw9 651.00000000 60.98935219
1543 472530 433422 MmTe2ndtJzWHvWBpztBKVzYCnhwkBpVrArr 500.00000000 46.84282042
1544 472541 433431 MmTe2ndtJzWHvWBpztBKVzYCnhwkBpVrArr 500.00000000 46.84282042
1545 473647 434260 MmdUYVcpbZviqhfmpECjibiahC7D9bhEMpg 1000.00000000 93.68564084
1546 473665 434272 MmdUYVcpbZviqhfmpECjibiahC7D9bhEMpg 370.00000000 34.66368711
1547 473955 434500 MmRovVyMfB5diuUNaLNVZYpH98jkpG574ye 1800.00000000 168.63415352
1548 474085 434603 MmVbvn9P4Smekscv9JAcfMd1tUa6fkPey1Q 2637.92000000 247.13522570
1549 474530 434940 MmSif49K5LkJnvkaLLDVBvFYFViFnEi4iSK 257.00000000 24.07720969
1550 474551 434957 Mma84KVNJ1GH79uswDCyc5rUijzbrErD15q 1200.00000000 112.42276901
1551 474552 434958 MmTiSuYqgn53iTQjU2iMSVEhfq5JFie74ge 1000.00000000 93.68564084
1552 474581 434979 Mmer4N2srL3ywEG72RDG9JCwKaFmjayw6pr 480.00000000 44.96910760
1553 474727 435094 MmRovVyMfB5diuUNaLNVZYpH98jkpG574ye 1700.00000000 159.26558944
1554 474965 435263 MmheBbr7huSDEfKD1gB8ovq635G4gqxpnUt 500.00000000 46.84282042
1555 475003 435291 MmXeif56ycJBmgfLcRaiSkaWeseBx3P7Pn2 1600.00000000 149.89702535
1556 475016 435301 MmXeif56ycJBmgfLcRaiSkaWeseBx3P7Pn2 415.00000000 38.87954095
1557 475365 435558 MmdCfZ9KHivqm7kvo5NnoeXvSNwxgasUN3x 3000.00000000 281.05692254
1558 475774 435871 MmcwRUoNgN9MHsSvpGKsNZdim1cDnwSSnTf 3450.00000000 323.21546092
1559 475882 435952 MmYi8hbQgRuETCeiAbjrCK5KP93bEPEMf6g 186.00000000 17.42552919
1560 477718 437347 MmUcEwfV29VheJdBr7L7NVrvfPCUC9UJxeA 730.00000000 68.39051781
1561 478023 437587 MmZKUSnb4oGQALYNkfC4buKYRvKXXpWC8Qp 31.00000000 2.90425486
1562 478065 437615 MmSif49K5LkJnvkaLLDVBvFYFViFnEi4iSK 256.00000000 23.98352405
1563 478364 437853 MmaXQdHQSMYa1xCgYTvvsvpShbeRP52fz1p 2764.00000000 258.94711130
1564 478429 437911 MmeFSkDfiY76fqEKmdMjNumPCmxU7q7xQRX 1000.00000000 93.68564084
1565 479557 438780 MmYi8hbQgRuETCeiAbjrCK5KP93bEPEMf6g 170.00000000 15.92655894
1566 481495 440321 MmZNd74kJmydovfGvrpiJ5pZX3kWNiRzENQ 260.00000000 24.35826662
1567 481699 440491 MmSif49K5LkJnvkaLLDVBvFYFViFnEi4iSK 261.00000000 24.45195226
1568 481730 440516 MmVJVpwJpqTB1GTaf6Qhf6sBAt61CF32bgi 999.00000000 93.59195520
1569 481754 440533 MmVhPmodhV1q2HjLXWoZ7d9mYLUC2TnYe72 3000.00000000 281.05692254
1570 481821 440584 MmSBoy37jGkkMTE1sk7L9KfVqrFm8khf71W 200.00000000 18.73712816
1571 481857 440609 MmaSqCucfrpvRkqkBc53JSLXLipEjWMC51g 1000.00000000 93.68564084
1572 481998 440723 MmXRWDaiSxskZ4EMwSx4oS7YDPh3FDnpeV6 2907.00000000 272.34415794
1573 482049 440762 MmQGqgZ3QxgWaCr2dADWXB5JZsxxzsr65eT 2000.00000000 187.37128169
1574 482140 440836 MmPzGAaXC2dHHLGmqyEPuEnzUx1xiLg29GF 1200.00000000 112.42276901
1575 482222 440894 MmbxXh83iEpFF4mPph53U78mpCXdFn68is9 1630.00000000 152.70759458
1576 482275 440935 MmaXQdHQSMYa1xCgYTvvsvpShbeRP52fz1p 135.00000000 12.64756151
1577 482352 440992 MmLcevU5xrZZQBeu9VCgETjNtg5Mn2cTnJV 1543.90000000 144.64126090
1578 482627 441213 MmQqzH8R3GmefJrsF4mtwdkmpw98qFBihZd 7000.10000000 655.80885450
1579 483265 441739 MmSHruSnKo3q2qR5HtA5FavPL883zZgNxhs 284.00000000 26.60672200
1580 483424 441867 MmSBoy37jGkkMTE1sk7L9KfVqrFm8khf71W 250.00000000 23.42141021
1581 485058 443145 MmWoE96zsR74Zc9UA1ga1GtafMESbXztgpz 216.00000000 20.23609842
1582 485412 443417 MmTYpWVtbbJsNt4rFuUFbtdez7f61hPSZVN 669.00000000 62.67569372
1583 485521 443504 MmSz1vjJ6k1LBFux5qFKbj7VvYdTAv9meZN 711.14000000 66.62360663
1584 485594 443561 Mma84KVNJ1GH79uswDCyc5rUijzbrErD15q 2000.00000000 187.37128169
1585 485854 443779 MmguKTvDdpq668U4DfsUFZXVBYjKYbha5pn 523.00000000 48.99759016
1586 486477 444257 MmNHWpf81ESPKnXZqRT89nhDaxZVLMa7ZYE 140.00000000 13.11598971
1587 486500 444277 MmSif49K5LkJnvkaLLDVBvFYFViFnEi4iSK 1000.00000000 93.68564084
1588 486826 444525 MmYi8hbQgRuETCeiAbjrCK5KP93bEPEMf6g 344.00000000 32.22786045
1589 487687 445204 MmSXTLNDuyNULDhhzb3JoxgJMjDtGSfGjER 150.00000000 14.05284612
1590 487691 445208 MmZAuxsoFaA42FRXx3kdJ8FqsjKTUhHGJji 150.00000000 14.05284612
1591 488308 445720 Mma6BZfQqe63WhEQ8gUGmPCNMxBQyB5PSUM 3600.00000000 337.26830705
1592 488552 445930 Mma4U6gsAyEPbboGvoy7YejAUxWsoFvEdy1 199.00000000 18.64344252
1593 488882 446192 MmNMy1AAAjceXTZMp4KTBhk8upSgfkcerXT 750.00000000 70.26423063
1594 489123 446366 MmSif49K5LkJnvkaLLDVBvFYFViFnEi4iSK 274.00000000 25.66986559
1595 489201 446426 MmTPK6dF4rTF74M1XRR82aqNxjN6mNroev8 45.00000000 4.21585383
1596 489209 446432 Mmf3sQdgCMGQMS2kCzJfJzicdehinYHvfKE 200.00000000 18.73712816
1597 489313 446520 MmXZG2cwZDTN5xVF3XV9enUBe7eRB2K2cmC 1350.00000000 126.47561514
1598 489363 446567 MmhQ7FaAJVyZYDFpqg4trURG7NLrw5XenbT 7000.00000000 655.79948593
1599 489405 446602 MmZKUSnb4oGQALYNkfC4buKYRvKXXpWC8Qp 45.00000000 4.21585383
1600 489459 446647 MmbSNFct6cXvaGbwvmdh6e3xhYNjdcmNbGX 5275.00000000 494.19175547
1601 489555 446730 MmfSJEAoDbjFzvSZoVVEuCtTCiuxm6QBCeR 3000.00000000 281.05692254
1602 489611 446779 MmiTMKzVyjokcpfoCfL1w6JBB2xnPuro8f7 105.00000000 9.83699228
1603 489901 447017 MmRVVBWNn2td24Lp4yPwd5w9peqNfxZBVWn 500.00000000 46.84282042
1604 490475 447463 MmYi8hbQgRuETCeiAbjrCK5KP93bEPEMf6g 176.00000000 16.48867278
1605 490702 447626 MmQ164YbJXUttCd2fKNdpzKS4vEZoCEDaNj 109.99900000 10.30532680
1606 491168 447997 MmRovVyMfB5diuUNaLNVZYpH98jkpG574ye 680.00000000 63.70623577
1607 491220 448040 MmSeQzm7byCBQUGPHRfQXwk89B5gq7URoLT 5000.00000000 468.42820424
1608 492170 448774 MmcHdgeXSqmaPaJCpM6QpVdPqKQeMVRVWkB 469.00000000 43.93856555
1609 492325 448896 MmeSZTxND964UkJmMhgUnadp4sMqtoWocD2 364.00000000 34.10157326
1610 492539 449059 MmfSJEAoDbjFzvSZoVVEuCtTCiuxm6QBCeR 1000.00000000 93.68564084
1611 492544 449064 MmSMYwC86eFmQ6DcEimkxUVuf55rntAqXqY 1000.00000000 93.68564084
1612 492561 449077 MmSif49K5LkJnvkaLLDVBvFYFViFnEi4iSK 266.00000000 24.92038046
1613 492565 449081 MmYi8hbQgRuETCeiAbjrCK5KP93bEPEMf6g 170.00000000 15.92655894
1614 492565 449081 MmZb2pxDQtYY5QCD69dx43rM3d5JPdTjbCn 3000.00000000 281.05692254
1615 492615 449122 MmX34ruLpsfWU3nnEBGrE4RCj7yMrPZ2jMi 2000.00000000 187.37128169
1616 493000 449411 Mma4U6gsAyEPbboGvoy7YejAUxWsoFvEdy1 140.00000000 13.11598971
1617 493096 449481 MmhQ7FaAJVyZYDFpqg4trURG7NLrw5XenbT 5000.00000000 468.42820424
1618 493137 449515 Mmec6iCP5Rq9zyecgRXdfczsDymEtmWVtCF 3000.00000000 281.05692254
1619 493374 449703 MmWfJwxGM1U3uTUGyHYeiBJn9vLTVsh3N8p 6000.00000000 562.11384509
1620 493383 449711 MmWfJwxGM1U3uTUGyHYeiBJn9vLTVsh3N8p 927.00000000 86.84658906
1621 493531 449825 MmheZL6SN8RhzTtLdN4bhK7GXCZCbNmvVyY 2000.00000000 187.37128169
1622 493680 449937 MmSmuexLnCnnDmCWX32dH5VTzB8dEzXTSjR 14000.00000000 1311.59897187
1623 493690 449944 MmaHf7YgjMZD5f98iqPrtTQJaenAYU6hU5C 700.00000000 65.57994859
1624 493692 449946 MmQ3RFahCMqY56WuUWRcMtePj9tE4VAPnGC 2001.00000000 187.46496733
1625 493696 449948 MmhTJ8XmAC33m2wCa1wgQg7BT4SBsBxPyFM 10454.09000000 979.39812113
1626 493697 449949 MmMP7qSXAUak3SyzEtALtd7HH9FZzNxi6qZ 2000.00000000 187.37128169
1627 493702 449953 MmiCRVTX4B3EuFxWPLUcd2PoQCezVUZo4e8 3000.00000000 281.05692254
1628 493720 449967 MmY5p5ztUkmy7S5ybd8yERsXYgVntvY2FjC 8000.00000000 749.48512678
1629 493732 449977 MmfAeX87MJHx137oTzGgKBLnBKuHfjYyR5q 1234.00000000 115.60808080
1630 493735 449979 MmfAeX87MJHx137oTzGgKBLnBKuHfjYyR5q 206.00000000 19.29924201
